haul_id;year;cell
197208089300020122;1972;11071
197208079000010124;1972;11017
197208078900010125;1972;11017
197208089100020121;1972;11017
197208079100010123;1972;11017
197208079000020127;1972;11017
197208078900020128;1972;11017
197208079100020126;1972;11017
197208078700010129;1972;11017
197208089000050120;1972;11017
197208089200020119;1972;11017
197208078800020130;1972;11017
197208078800030131;1972;11017
197208089200010118;1972;11017
197208078600010134;1972;11017
197208089000040117;1972;11017
197208078800040132;1972;11017
197208078700020135;1972;11017
197208089000030116;1972;11017
197208078800050133;1972;11017
197208078600020136;1972;11017
197208078800010111;1972;11017
197208078300010137;1972;11017
197208078400020138;1972;11017
197208078500030110;1972;11017
197208088600100104;1972;11017
197208088600090103;1972;10990
197208088700020102;1972;10990
197208078400010109;1972;10963
197208088900040101;1972;10990
197208088600110105;1972;10990
197208078500020108;1972;10963
197208088600080097;1972;10990
197208088600120106;1972;10963
197208088800020098;1972;10990
197208088900030100;1972;10990
197208078500010107;1972;10963
197208088600070096;1972;10963
197208078300020139;1972;10963
197208088900020099;1972;10990
197208088600060095;1972;10963
197208088900010090;1972;10990
197208088800010091;1972;10990
197208088600030092;1972;10990
197208078000010140;1972;10963
197208088600050094;1972;10963
197208088700010089;1972;10990
197208088600040093;1972;10990
197208088600020088;1972;10990
197208078100010141;1972;10963
197208088600010087;1972;10990
197208078200010086;1972;10963
197208078100030144;1972;10963
197208078000020142;1972;10963
197208078100020143;1972;10963
197208078200020145;1972;10963
197208088200080083;1972;10990
197208088300030082;1972;10990
197208088200070081;1972;10990
197208088500020074;1972;10990
197208088200090084;1972;2188
197208077900010085;1972;10963
197208077900020146;1972;10963
197208088200060080;1972;2188
197208088400020075;1972;2188
197208077700010147;1972;10963
197208088500010073;1972;2189
197208077800010148;1972;2188
197208088400010072;1972;2189
197208077800020149;1972;2188
197208088200050079;1972;2188
197208088300020071;1972;2189
197208077800030150;1972;2188
197208088200030076;1972;2188
197208077700020151;1972;2188
197208088300010070;1972;2189
197208088200040077;1972;2188
197208077600010078;1972;2188
197208088200020069;1972;2188
197208088200010068;1972;2188
197208077500010153;1972;2188
197208077400010152;1972;2188
197208087900010064;1972;2189
197208077600020154;1972;2188
197208077500020155;1972;2188
197208077300020067;1972;2188
197208087800070065;1972;2188
197208077300010066;1972;2188
197208077400020156;1972;2188
197208077200020159;1972;2188
197208077200010158;1972;2188
197208077100010157;1972;2188
197208087800080162;1972;2161
197208077200030160;1972;2188
197208087800060062;1972;2161
198007087700020073;1980;2216
197208088000020056;1972;2161
197208077000010163;1972;2161
198206087700040061;1982;2216
197208087800050061;1972;2161
197208088000010052;1972;2161
197208087800020058;1972;2161
197208087800040060;1972;2161
198007087700030074;1980;2216
198106087700010071;1981;2216
197910087700020038;1979;2216
198106087700030070;1981;2216
198306087700010067;1983;2161
198206087700010060;1982;2161
197208087800010057;1972;2161
197208077000020164;1972;2161
198306087700020068;1983;2216
198007086000010071;1980;2161
197910086000010042;1979;2161
197208087800030059;1972;2161
197208087700030048;1972;2216
198106086000020069;1981;2161
198106085900010068;1981;2161
198206086000020059;1982;2161
197910087700010037;1979;2190
197910087700030039;1979;2161
198306086000030066;1983;2161
197910086000020041;1979;2161
197208085900020050;1972;2161
197208085800060051;1972;2161
197208076700010165;1972;2161
198206085900010058;1982;2161
198106085800010067;1981;2161
197208087700020047;1972;2190
198306086000020065;1983;2161
197208086000020049;1972;2161
198306085900020064;1983;2161
198007085900010069;1980;2161
198306087700030069;1983;2190
198007085800050070;1980;2161
198306086000010063;1983;2190
198106086000010072;1981;2190
197910085800010044;1979;2161
198106087700020075;1981;2190
197910085900010040;1979;2190
198106085800040066;1981;2161
197208076700020166;1972;2161
197910085800030043;1979;2161
198206086000010064;1982;2190
197208086000010046;1972;2190
198306085800010062;1983;2190
198106087700040074;1981;2190
198206085800020056;1982;2161
198206087700030063;1982;2190
198306087700040070;1983;2190
198007085800040068;1980;2190
198206085800050057;1982;2190
197910085900020035;1979;2190
198106085800020073;1981;2190
198306085800020060;1983;2161
198106086000030076;1981;2190
198206085900020065;1982;2190
197208085800050045;1972;2190
198106085800050065;1981;2161
197208085800020040;1972;2190
198306085800050061;1983;2190
197208076700030167;1972;2161
197208087700010029;1972;2190
197910085800020036;1979;2190
197208085800040044;1972;2161
198206085800030048;1982;2190
197910085800040045;1979;2161
198206085800010055;1982;2161
197208085700030028;1972;2190
197208085900010039;1972;2190
198007085800030067;1980;2190
198306085800040059;1983;2190
197208085800030043;1972;2161
198206086000030067;1982;2190
197910085600010033;1979;2190
197208076400050169;1972;2161
198106085900020079;1981;2190
198306085900010072;1983;2190
198206076400040053;1982;2161
198007076400030066;1980;2161
198106076400040064;1981;2161
198106085700020080;1981;2190
197208085800070170;1972;2190
197208076400030041;1972;2190
198306076400040058;1983;2161
198106076400030077;1981;2190
198007076400020059;1980;2190
198106085700010081;1981;2190
197910076400040051;1979;2190
198007076400040065;1980;2161
197208076700040168;1972;2161
197910085700010032;1979;2190
198106076400020060;1981;2190
197806076400020044;1978;2161
198206085700040068;1982;2190
198306085800030071;1983;2190
198007076400010061;1980;2190
197806076300060039;1978;2190
197208076400040042;1972;2190
198206085800040066;1982;2190
198106085800030078;1981;2190
197910076400010052;1979;2190
198206076400010050;1982;2190
197910076400030046;1979;2161
197806076400010045;1978;2190
197208085600020027;1972;2190
197208085400070031;1972;2190
197208085700020026;1972;2190
197208085400060030;1972;2190
197208085800010038;1972;2190
198206076400020047;1982;2190
197806076400040047;1978;2190
197910085800050053;1979;2190
198206076300040046;1982;2190
198007076300020062;1980;2190
198106085400020082;1981;2190
198106076300010061;1981;2190
198106085600020083;1981;2190
198007085800020048;1980;2190
197910085500020030;1979;2190
197910085400020054;1979;2190
198306076400010053;1983;2190
198206076400030049;1982;2190
197806076300030038;1978;2190
198306076300010057;1983;2161
197806076300010043;1978;2161
198007085800010049;1980;2190
198306085600020076;1983;2190
198007085400010047;1980;2190
197208076400010036;1972;2190
198206076300030045;1982;2190
197910076300010050;1979;2190
198007076300010064;1980;2161
197806076300040042;1978;2161
198306085700020077;1983;2190
198106085400010084;1981;2190
198106076200010059;1981;2190
198206085600020070;1982;2190
197208085400090171;1972;2190
197208076400020037;1972;2190
197806076300020040;1978;2190
198106076300030063;1981;2161
198206085700010069;1982;2190
198106076400010057;1981;2190
197806076400030048;1978;2190
198106076300020058;1981;2190
198007085500020076;1980;2190
197910076400020055;1979;2190
198306076400030051;1983;2190
198306076300050052;1983;2190
197910076300020047;1979;2107
198106085500010086;1981;2190
198106085400040085;1981;2190
198007085400020046;1980;2190
198306076400020050;1983;2190
198306076300020054;1983;2190
198306085700030079;1983;2190
198206076300020051;1982;2107
197910085400050028;1979;2190
198306085400060075;1983;2190
198206085400040071;1982;2190
197910085400030029;1979;2190
198007076100010050;1980;2190
198206076200010044;1982;2190
198306076300040055;1983;2190
198306076300030056;1983;2107
198306085500010078;1983;2190
198106076200020062;1981;2107
197806076300050037;1978;2190
198206076300010052;1982;2107
198007076200010063;1980;2107
197806076200010041;1978;2107
197910076200010048;1979;2107
198106085400050056;1981;2190
198106076100030055;1981;2190
198007076200020058;1980;2190
197910076100030056;1979;2190
197208076100020034;1972;2190
198007076100040052;1980;2190
197208076100030035;1972;2190
198106076100020054;1981;2190
198206085400060073;1982;2217
198306085600010080;1983;2217
197208085400080032;1972;2190
198007076100020051;1980;2190
198306076100030049;1983;2190
197806076100020049;1978;2190
198007076000020053;1980;2190
198106076000020053;1981;2190
198007075900020057;1980;2190
197806076000020036;1978;2190
198206085500010074;1982;2217
197208085400050025;1972;2190
198007085400060045;1980;2190
198206076100020043;1982;2190
197208085600010020;1972;2217
197208076100010033;1972;2190
197806076100040051;1978;2190
197910076100040062;1979;2190
197910076000020057;1979;2190
198106085400030087;1981;2217
198206085400030075;1982;2190
198007076100030054;1980;2190
197910085400060027;1979;2190
198306076100020048;1983;2190
198106085700030089;1981;2217
197208085400030021;1972;2217
198306076100010047;1983;2190
197806076100030050;1978;2190
198206085700030083;1982;2217
198306085400020030;1983;2217
198206076100040042;1982;2190
197208085700010019;1972;2217
198106085600010088;1981;2217
198306085400010031;1983;2217
198007076000030056;1980;2190
198206076100030077;1982;2190
197806075900020035;1978;2190
197910085400040026;1979;2217
198007085400050034;1980;2217
198306085400040032;1983;2080
198206085400050076;1982;2080
197910076100010063;1979;2190
198106076000010052;1981;2190
198007076000010055;1980;2190
197910085600020025;1979;2217
197910076100020064;1979;2190
198206075900010041;1982;2190
197208085500010018;1972;2217
198306085400030029;1983;2217
197208085400040024;1972;2080
197806076100010052;1978;2190
197910076000010061;1979;2190
197806076000010033;1978;2190
197806076000040034;1978;2190
198306085600030081;1983;2217
197910085500010024;1979;2217
198206085400010082;1982;2217
197910075900020058;1979;2190
197806075800030056;1978;2080
198306076100040046;1983;2190
198007085500010077;1980;2217
198007085400030035;1980;2217
198106075800030040;1981;2080
198306075800020033;1983;2080
198206075800010081;1982;2080
198007075800030044;1980;2080
198206076100010078;1982;2080
198206076000010040;1982;2190
198106085700040090;1981;2217
197910075800010072;1979;2080
197910076000030060;1979;2190
198206085700020084;1982;2217
198206085600010085;1982;2217
198206085500020086;1982;2217
197208085400020017;1972;2217
198206075800020080;1982;2080
197806075800040053;1978;2080
198306075500030028;1983;2217
198007075500020033;1980;2217
197910075900010059;1979;2190
198306076000050045;1983;2190
197806075800010057;1978;2080
197208076100040172;1972;2080
197208075500020016;1972;2217
197208075800010022;1972;2080
198306075800030034;1983;2080
197208075800020023;1972;2080
198206076000020039;1982;2080
198007075800010043;1980;2080
197910075800020065;1979;2080
198206075800030079;1982;2080
198106085500020091;1981;2217
197910075500020074;1979;2217
197910075400010073;1979;2080
198106075800010041;1981;2080
197806076100050054;1978;2080
198306076000010044;1983;2080
198007085400040078;1980;2217
198007075500010032;1980;2217
198306075500010027;1983;2217
197806075400010025;1978;2080
198106076100010050;1981;2080
201604085300020066;2016;2217
201204085300030060;2012;2217
201804085300030060;2018;2217
201404085300010060;2014;2217
198306085400050082;1983;2217
198106075500030037;1981;2217
198306075700010036;1983;2080
198007075700020036;1980;2080
198306075800010035;1983;2080
198306085300020083;1983;2217
197208085500020173;1972;2217
198007075400010031;1980;2080
198206075400020031;1982;2080
198106075400020038;1981;2080
197910075700010071;1979;2080
198007075800020042;1980;2080
197806075800020055;1978;2080
201404085300030061;2014;2217
197910085300010023;1979;2217
199507085100020034;1995;2217
198206075900020038;1982;2080
197806075900010032;1978;2080
201105085100030030;2011;2217
201204085200010061;2012;2217
199706085100010049;1997;2217
197208085400010015;1972;2217
198206075700040032;1982;2080
197806075700030026;1978;2080
198106075800020042;1981;2080
198106075900020048;1981;2080
200807085200010055;2008;2217
197208085200020011;1972;2217
198206085400020087;1982;2217
198306075500020026;1983;2080
198206075500020030;1982;2080
198306075700040037;1983;2080
201004085200030037;2010;2217
200709085200010044;2007;2217
201304085300010082;2013;2217
198606085300020045;1986;2217
197806075400020023;1978;2080
198206075300020029;1982;2080
198007075300020030;1980;2080
198206075700030033;1982;2080
198306076000030043;1983;2080
198206076000030037;1982;2080
197806076000030031;1978;2080
198705085100020027;1987;2217
197806075500020024;1978;2080
197910075500030076;1979;2080
197910075700020070;1979;2080
197910075800030066;1979;2080
198007075700030041;1980;2080
200904085200020054;2009;2217
201204085200030062;2012;2217
200709085200020043;2007;2217
198106085200020092;1981;2217
199105085200010040;1991;2217
198904085200020026;1989;2217
199206085100020043;1992;2217
197910085400010075;1979;2217
197806075700010027;1978;2080
201404085100010059;2014;2217
198206085300010089;1982;2217
197208085100010010;1972;2217
198106075700020043;1981;2080
198306075700030039;1983;2080
198306076000040041;1983;2080
198306076000020042;1983;2080
200005085200010040;2000;2217
201804085200010061;2018;2217
200209085000030048;2002;2217
201004085000010036;2010;2217
201504085200010071;2015;2217
200610085000030034;2006;2217
197208085300020174;1972;2217
199306085100010043;1993;2217
199206085000010042;1992;2217
199004085000030038;1990;2217
198106085400060036;1981;2217
198007075600010037;1980;2080
200209085100010049;2002;2217
200709085000020042;2007;2217
197910085300020022;1979;2217
198206085000040088;1982;2217
198106075900010047;1981;2080
201604085200030065;2016;2217
201504085300010072;2015;2217
197208085000050014;1972;2217
198306075700050038;1983;2080
197910075700030069;1979;2080
198106075700010046;1981;2080
198306075700020040;1983;2080
200306085000020166;2003;2217
200610085200020035;2006;2217
201604085300030067;2016;2217
201304085200010081;2013;2217
200904085100020055;2009;2217
197910085200010021;1979;2217
199004085200020039;1990;2217
199306085200020044;1993;2217
197806075700020028;1978;2080
198206075700020034;1982;2080
198007075900010040;1980;2080
200510085200010092;2005;2217
201504085000030070;2015;2217
201504085200030073;2015;2217
201904085200030081;2019;2217
198606085100010043;1986;2217
198007075400020029;1980;2080
198007075700010038;1980;2080
198206075700010035;1982;2080
198206075600010036;1982;2080
198007075600020039;1980;2080
200306085100010167;2003;2217
198206085200020090;1982;2217
198606085200020046;1986;2217
199706085100020050;1997;2217
197910085000030020;1979;2217
198306085000030084;1983;2217
198705085000030026;1987;2217
197910075300020077;1979;2080
198106075600020045;1981;2080
200709085100020041;2007;2217
201804085000020059;2018;2217
197910085000010019;1979;2217
198106075600010044;1981;2080
197806075600020030;1978;2080
197910075600020067;1979;2080
201404085000020058;2014;2217
198007085000040028;1980;2080
198106075300020035;1981;2080
197806075300010022;1978;2080
197806075600010029;1978;2080
197910075600010068;1979;2080
201204085000040059;2012;2080
200807085000010054;2008;2217
200510085000040091;2005;2217
198803085000010038;1988;2080
200807085300010057;2008;2191
201804085200030062;2018;2191
198606085000030042;1986;2191
200807085100020056;2008;2191
198206075400010028;1982;2080
200807085100010058;2008;2191
199706085200010051;1997;2191
197806075300020021;1978;2080
201804085000010058;2018;2191
199706085000010048;1997;2191
198606085000020041;1986;2191
198306075400010025;1983;2080
197910075300010078;1979;2080
198007075500030025;1980;2080
199706085000030047;1997;2191
201804085300010063;2018;2191
200807075200010053;2008;2191
199706075200010046;1997;2191
200807085000030059;2008;2191
199706085200020052;1997;2191
201804075200010057;2018;2191
201804085100030055;2018;2191
200807075200020052;2008;2191
198606085300010036;1986;2191
199706075200020045;1997;2191
198606075200020038;1986;2191
201804075200020056;2018;2191
198606075100010040;1986;2191
201804085100010054;2018;2191
198606075100020037;1986;2191
198606075200010039;1986;2191
200807075100020050;2008;2191
199706075100010044;1997;2191
200807085000040049;2008;2191
201804034400020053;2018;2191
199706075100020043;1997;2191
200807075100010051;2008;2191
199706034400020053;1997;2191
198606085000010035;1986;2191
199706034400010054;1997;2191
199706085000020042;1997;2191
199706034300010055;1997;2191
198606085200010034;1986;2191
197411034400020063;1974;2191
200807034300010060;2008;2191
201804085000030052;2018;2191
198606085000040033;1986;2191
200807085000020048;2008;2191
200807034400010061;2008;2191
197411034400010062;1974;2191
199706085000040041;1997;2191
199706034200010056;1997;2191
200807034300020062;2008;2191
198606034200010047;1986;2191
199706016300010040;1997;2191
197411016100030061;1974;2191
201804034400030050;2018;2191
200807016100020047;2008;2191
201804034400040051;2018;2191
198606016100030032;1986;2191
198606034400010049;1986;2191
199706034300020057;1997;2191
200807034200010063;2008;2191
197411034400030064;1974;2191
198606034300010048;1986;2191
197106016300010087;1971;2191
197106016100010084;1971;2191
196817016200010058;1968;2191
197411016200020060;1974;2191
201804034400010049;2018;2191
198606034400020050;1986;2191
197106016200010085;1971;2191
197411034400040065;1974;2191
198606016400020031;1986;2191
198606034300020051;1986;2191
197106016100020083;1971;2191
200807016300020046;2008;2191
201804016100030048;2018;2191
200807034400020064;2008;2191
201804016100010047;2018;2191
197910016400010012;1979;2218
197106016200020086;1971;2191
196817016100010054;1968;2191
200807016300010045;2008;2191
200807016400010044;2008;2218
196817016400010059;1968;2218
197512016300020137;1975;2218
197308016300010041;1973;2218
197411016300020059;1974;2218
198606016100020030;1986;2191
201604016300030053;2016;2218
198508016300020021;1985;2218
198606016300020029;1986;2218
199706016200020039;1997;2218
199706034000010058;1997;2191
201404016400020049;2014;2218
197512016400020136;1975;2218
199206016200010029;1992;2218
201804034100020064;2018;2191
197208016400010047;1972;2218
199004016200010027;1990;2218
200807034100010065;2008;2191
200807034000020066;2008;2191
196817016300010060;1968;2218
198405016400020082;1984;2218
198508016200010020;1985;2218
199706016100020038;1997;2191
199706034100020059;1997;2191
201804016200020046;2018;2218
201904016200030073;2019;2218
201904016300030072;2019;2218
201604016400030052;2016;2218
201204016400010072;2012;2218
200807016200010043;2008;2218
197806016400020009;1978;2218
199004016300020028;1990;2218
200807034000010067;2008;2191
201304016300030065;2013;2218
199908016200020030;1999;2218
198705016300010014;1987;2218
198306016400010014;1983;2218
199206016300010028;1992;2218
197411034100010066;1974;2191
201804016200010045;2018;2218
200610016300020023;2006;2218
197411016400020058;1974;2218
199804016300020032;1998;2218
198508016400010019;1985;2218
199507016300020024;1995;2218
199206016400010027;1992;2218
197512016200010135;1975;2218
196817016100020055;1968;2191
199908016300010031;1999;2218
201804016300030044;2018;2218
197208016300010046;1972;2218
199406016300020034;1994;2218
200209016300010037;2002;2218
200904016300010038;2009;2218
200005016300020030;2000;2218
201604016400010051;2016;2218
198904016400010035;1989;2218
198206016300010016;1982;2218
198606016300010028;1986;2218
197308016200020042;1973;2218
196817016100030057;1968;1999
200807033900010068;2008;2191
200709016400010085;2007;2218
200510016300020027;2005;2218
197208016400020045;1972;2218
197609016300020131;1976;2218
198206016400010015;1982;2218
199306016300020029;1993;2218
197712016300010041;1977;2218
197411016200010057;1974;1999
199706016200010037;1997;1999
201404016400030046;2014;2218
201304016400010063;2013;2218
196721016400020049;1967;2218
196721016300020048;1967;2218
198405016400030081;1984;2218
199105016400010028;1991;2218
197308016300020043;1973;2218
198606016200010027;1986;1999
200807016100010070;2008;1999
196817016200020061;1968;1999
198606034100020052;1986;1999
201804016300010043;2018;1999
197308016400020044;1973;2218
198606016400010026;1986;1999
196817016100040056;1968;1999
197411034100020068;1974;1999
197411016100040067;1974;1999
199706016300020036;1997;1999
200807016200020042;2008;1999
197106016400010089;1971;1999
197411016300010056;1974;1999
198606016100010025;1986;1999
198606034100010053;1986;1999
197106016100030082;1971;1999
197411034000020056;1974;1999
198606034000020054;1986;1999
200807034100020069;2008;1999
199706016400010035;1997;1999
199706034100010060;1997;1999
201804016400020042;2018;1999
196817016400020062;1968;1999
197411016400010055;1974;1999
197106016300020088;1971;1999
201804016300020040;2018;1999
201804016100040065;2018;1999
200807016100030071;2008;1999
197411016100020054;1974;1999
198606033900010055;1986;1999
201804016200030039;2018;1999
197411034100030069;1974;1999
199706016100030034;1997;1999
199706033900010061;1997;1999
201804016400010041;2018;1999
196817016300020063;1968;1999
197411034100040070;1974;1999
201804034100040066;2018;1999
196817016100050053;1968;1999
197411034000010055;1974;1999
201804016100020038;2018;1999
199706016100010033;1997;1999
197411016100010053;1974;1999
199706034000020062;1997;1999
198606016200020024;1986;1999
198606034000010056;1986;1999
198606033900020057;1986;1999
201804016100050037;2018;1999
198606016800020023;1986;1999
197106016400020090;1971;1999
201804016800020036;2018;1999
196817016500010052;1968;1999
199706016500060032;1997;1999
199706033800020063;1997;1999
198606033800010058;1986;1999
201804033800010067;2018;1999
197411033700040054;1974;1999
197106016500010081;1971;1999
197411033800010071;1974;1999
199706033600020064;1997;1999
196817016500020065;1968;1999
197411016800020051;1974;1999
196817016500030064;1968;1999
197106016500020080;1971;1999
197411016500050073;1974;1999
197411033800020072;1974;1999
197411033600020053;1974;1999
201804016500050068;2018;1999
200807016500070072;2008;1999
199706016800010031;1997;1999
200807033600020073;2008;1999
197411016700020049;1974;1999
200807016600020041;2008;1999
196817016500040051;1968;1999
200807033700010074;2008;1999
198606016500040059;1986;1999
197411016500060074;1974;1999
200807033800010075;2008;1999
199706016500040029;1997;1999
196817016800010050;1968;1999
196817016500050066;1968;1999
201804016700010034;2018;1999
199706016700010030;1997;1999
201804016500020035;2018;1999
197411033800030075;1974;1999
201804016800030033;2018;1999
200807033800020076;2008;1999
196817016500060067;1968;1999
197411033600010051;1974;1999
201804033800020069;2018;1999
197106016700010091;1971;1999
199706033800010066;1997;1999
197411033700030052;1974;1999
200807033700020077;2008;1999
198606033800020060;1986;1999
199706033700010065;1997;1999
197411016800010048;1974;1999
198606016700020021;1986;1999
197411016500080077;1974;1999
199706016500050028;1997;1999
197411016500070076;1974;1999
197411033700020050;1974;1999
198606016800010020;1986;1999
200807033600010078;2008;1999
200807016700020040;2008;1999
196817016500070068;1968;1999
197411033700010049;1974;1999
198606033700020061;1986;1999
200807016500030079;2008;1999
197411033800040078;1974;1999
198606033700010062;1986;1999
197106016800010092;1971;2192
198606016700010019;1986;2192
198606016500030063;1986;1999
196817016500080069;1968;1999
197411016700010047;1974;2192
201804016800010032;2018;1999
199706033600010068;1997;1999
196817016600010049;1968;2192
197411016600030046;1974;1999
199706016600010027;1997;2192
199706033700020067;1997;1999
201804016500070029;2018;1999
197411033400030048;1974;1999
199706033300010069;1997;1999
199706016700020026;1997;2192
199706033500020070;1997;1999
196817016500090070;1968;1999
201804016600030030;2018;1999
196817016600020048;1968;2192
197411016500040045;1974;1999
197106016500030093;1971;1999
198606016500010064;1986;1999
198606016600020018;1986;2192
200807033500010080;2008;1999
197106016600010094;1971;2192
201804016700020031;2018;2192
196817016700010047;1968;2192
197411033500010079;1974;1999
196817016800020046;1968;2192
197106016700020095;1971;2192
201804016500010028;2018;1999
199706033400020071;1997;1999
200807033400020081;2008;1999
197106016500040079;1971;1999
198606033400020065;1986;1999
201804033500020070;2018;1999
197106016600020096;1971;2192
197106016800020098;1971;2192
197411016500030044;1974;1999
198606033500020068;1986;1999
198606033300010066;1986;1999
200807033500020083;2008;1999
198606016500070069;1986;1999
199706033400010072;1997;1999
200807033300010082;2008;1999
201804016600020023;2018;2192
201804016500040024;2018;2192
198606016600030017;1986;2192
198606033400010067;1986;1999
199706033500010073;1997;1999
197411033400020047;1974;1999
197106016600030097;1971;2192
196817016600030045;1968;2192
199706016500030074;1997;1945
198606016500090071;1986;1945
197411033500020080;1974;1945
200807016700010036;2008;2192
200807033400010084;2008;1945
200807016500050085;2008;1945
201804033500010071;2018;1945
197106016500050078;1971;1945
198606033500010072;1986;1945
196817016700020044;1968;2192
201804016700030022;2018;2192
197411016600020041;1974;2192
198606016500060016;1986;1945
197106016500060076;1971;1945
197411033400010046;1974;1945
200807016800010035;2008;2192
197106016600040100;1971;2192
198606016600010015;1986;2192
197411016500010042;1974;1945
201804016600010021;2018;2192
200807016500010039;2008;1945
199706016600020022;1997;2192
198606033100010074;1986;1945
198606033200020073;1986;1945
201804016500030027;2018;1945
201804017200020020;2018;2192
197411016600010040;1974;2192
200807016600030037;2008;2192
197411033100030045;1974;1945
198606033000010075;1986;1945
196817017000010043;1968;2192
199706016500020023;1997;1945
197106016500070077;1971;1945
199706033200020075;1997;1945
200807016600010038;2008;1945
200807016500060087;2008;1945
199706033100020076;1997;1945
196817016500100071;1968;1945
200807017200010034;2008;2192
200807033200020088;2008;1945
197411016500020043;1974;1945
198606033200010077;1986;1945
200807016500040086;2008;1945
200807033100020089;2008;1945
201804033200010072;2018;1945
197411033200010081;1974;1945
198606033100020076;1986;1945
198606016500020078;1986;1945
197106017200030101;1971;2192
200807017000040033;2008;2192
197411033100020044;1974;1945
196817017000020042;1968;2192
199706033100010077;1997;1945
196817016900010072;1968;1945
199706033000010078;1997;1945
200807033000010030;2008;1945
198606017100020012;1986;2192
199706016500070079;1997;1945
201804016900030026;2018;1945
200807016500020091;2008;1945
196817017200010041;1968;2192
197411017200010039;1974;2192
196817016900020073;1968;1945
197106016900010075;1971;1945
201804017100030019;2018;2192
201804017200030018;2018;2192
200807033100010090;2008;1945
197106016900020102;1971;1945
201804033200030073;2018;1945
201804016900010074;2018;1945
196817017100010040;1968;1918
198606016900060014;1986;1945
197411017100020037;1974;1918
199706033200010080;1997;1945
197411033200020082;1974;1945
197411033100010043;1974;1945
200807017100020032;2008;1918
200807033200010092;2008;1945
196817017100020039;1968;1918
197106017100010040;1971;1918
197411017000040038;1974;1918
197106017000010039;1971;1918
198606032800020079;1986;1945
201804017200010015;2018;1918
201804017100020016;2018;1918
196817017200020038;1968;1918
201804017000030017;2018;1918
197106017200010041;1971;1918
197411017100010036;1974;1918
200807032900020093;2008;1945
197106017100020042;1971;1918
199706017100010021;1997;1918
198606032900010082;1986;1945
198606032800010081;1986;1945
200807016900040031;2008;1945
197411017000030033;1974;1918
197106017000020043;1971;1918
197106016900030038;1971;1945
199706032800020081;1997;1945
200807032800020094;2008;1945
196817016900030074;1968;1945
201804032900010075;2018;1945
196817017000030037;1968;1918
197106017000030044;1971;1918
199706032900010082;1997;1945
197411032900010083;1974;1945
200807032900010095;2008;1945
199706017000040020;1997;1918
197106016900040037;1971;1945
198606016900030084;1986;1945
197411032800030042;1974;1945
201804017000010013;2018;1918
198606017100010010;1986;1918
198606032900020083;1986;1945
201804017100010014;2018;1918
199706032900020083;1997;1945
200807017100010003;2008;1918
201804032900030076;2018;1945
199706017100020016;1997;1918
199706017000010019;1997;1918
200807017000020104;2008;1918
199706017200010015;1997;1918
199706017000020017;1997;1918
201804017000020012;2018;1918
197411017000020032;1974;1918
196817016900040075;1968;1945
200807032800010096;2008;1945
200807016900050097;2008;1945
200807016900020103;2008;1918
197106017000040045;1971;1918
198606017000040009;1986;1918
197411016900030091;1974;1918
199706032800010084;1997;1945
197106017200020046;1971;1918
196817017000040036;1968;1918
197106016900050036;1971;1945
197411032900020084;1974;1945
197411017000010031;1974;1918
199706017000030018;1997;1918
198606017000010008;1986;1918
199706016900020087;1997;1918
196817016900050076;1968;1918
197411032800020041;1974;1945
198606017200010002;1986;1918
200807032700010029;2008;1945
201804017000050010;2018;1918
197411032800010040;1974;1945
200807016900030102;2008;1945
201804016900060011;2018;1918
197411032900030085;1974;1945
196817017000050035;1968;1918
201804016900070077;2018;1945
196817017600010033;1968;1918
197411016900010086;1974;1945
198606017000030006;1986;1918
199706016900050088;1997;1918
199706032500010085;1997;1945
197106017500010047;1971;1918
199706016900040014;1997;1918
199706032600010086;1997;1945
198606032500010088;1986;1945
200807032600020099;2008;1945
200807017000030105;2008;1918
200807032500010028;2008;1945
197411017600020029;1974;1918
198606017400040004;1986;1918
197411016900040092;1974;1918
197411016900020090;1974;1918
198606032600010087;1986;1945
200807032500020098;2008;1945
196817016900060078;1968;1918
200807017000010106;2008;1918
199706017400030010;1997;1918
199706016900030013;1997;1918
199706016900060089;1997;1918
197411032500030039;1974;1945
201804016900020078;2018;1945
197411016900050093;1974;1918
196817016900080079;1968;1918
196817016900070077;1968;1945
201804017000060009;2018;1918
198606017400020005;1986;1918
198606016900040007;1986;1918
198606032500020089;1986;1945
197411032500020038;1974;1945
198606032400010090;1986;1945
201804032600030079;2018;1945
198606017600010001;1986;1918
199706017500020009;1997;1918
196817017400010034;1968;1918
201804017400030129;2018;1918
201804017500020130;2018;1918
201804017600010131;2018;1918
196817017600020031;1968;1918
197106016900060035;1971;1918
199706032600020099;1997;1945
197411032500010037;1974;1945
196817017500010032;1968;1918
197411032600010087;1974;1945
201804017600020132;2018;1918
200807032400010027;2008;1945
197106017400010048;1971;1918
198606032600020091;1986;1945
199706017300020011;1997;1918
198606016900050092;1986;1918
197411032600020088;1974;1945
200807032600010100;2008;1945
198606016900010098;1986;1918
199706032500020098;1997;1945
201804017300010126;2018;1918
200109032600010085;2001;1891
201004032600030092;2010;1891
200407032600020062;2004;1891
200709032600020068;2007;1891
200904032600010088;2009;1891
197609032600020174;1976;1891
199406032600020096;1994;1891
198106032600020149;1981;1891
201404032600020099;2014;1891
201804032600010080;2018;1891
197806032500020116;1978;1891
200306032600010211;2003;1891
200807016900010019;2008;1918
201604032600030106;2016;1891
201604032600010107;2016;1891
201804017400040127;2018;1918
201304032600030117;2013;1891
196817017300010081;1968;1918
196817016900090080;1968;1918
197106016900070034;1971;1918
199604032600010076;1996;1891
198306032600020143;1983;1891
198206032500010140;1982;1891
197910032400010169;1979;1891
199004032500010086;1990;1891
198106032500020148;1981;1891
199804032400020075;1998;1891
201804017400050133;2018;1918
201404032600010100;2014;1891
200807017600010001;2008;1918
200407032500020057;2004;1891
200306032400020210;2003;1891
199706017500010008;1997;1918
197512032500020174;1975;1891
199105032400010086;1991;1891
199604032400010079;1996;1891
199306032500010091;1993;1891
199804032400010076;1998;1891
198904032400020087;1989;1891
199908032500020082;1999;1891
200807017500010002;2008;1918
200209032400010055;2002;1891
200807032400020026;2008;1891
201204032600010097;2012;1891
200510032500020120;2005;1891
200306032400010209;2003;1891
197106017600010052;1971;1918
199706017300030012;1997;1918
197411032300010089;1974;1918
198106032300020150;1981;1891
198405032300020126;1984;1891
199604032500020080;1996;1891
198007032500020137;1980;1891
198508032500020069;1985;1891
199706032400020097;1997;1891
198508032400010068;1985;1891
200510032600020119;2005;1891
199908032300010084;1999;1891
200807017300050018;2008;1918
200005032400010089;2000;1891
201804017500010134;2018;1918
200709032400020001;2007;1891
197910032300010172;1979;1891
198803032500010078;1988;1891
200709032500010067;2007;1891
200209032400020054;2002;1891
201804017600030135;2018;1918
200407032400010058;2004;1891
199908032400010080;1999;1891
198606017600020103;1986;1918
197106017300010033;1971;1918
198606032300020093;1986;1918
197910032200010171;1979;1891
198705032200010082;1987;1891
197411032200030036;1974;1891
199804032500010077;1998;1891
199406032500010095;1994;1891
199206032500020149;1992;1891
199406032400020100;1994;1891
200109032400020086;2001;1891
200807032200010101;2008;1891
200209032500020126;2002;1891
200807016900060020;2008;1918
200306032200010212;2003;1891
200209032200010127;2002;1891
200109032500010088;2001;1891
197712032200010096;1977;1891
197806032200020117;1978;1891
199507032200020087;1995;1891
198508032200010070;1985;1891
197512032200010176;1975;1891
199406032200020094;1994;1891
199507032500010086;1995;1891
199706032400010096;1997;1891
197712032500020092;1977;1891
200109032400010087;2001;1891
200510032400010121;2005;1891
200610032400020094;2006;1891
200807017400030013;2008;1918
196817017400020030;1968;1918
198606017400010101;1986;1918
197106017400020049;1971;1918
199706017300040006;1997;1918
198106032200020151;1981;1891
199105032200010089;1991;1891
197609032200010176;1976;1891
198007032200020139;1980;1891
197910032200020170;1979;1891
199004032200010088;1990;1891
198904032400010088;1989;1891
199306032400020092;1993;1891
197512032400020175;1975;1891
198405032400010125;1984;1891
199206032400010150;1992;1891
199507032400020085;1995;1891
199004032400010087;1990;1891
198306032400010147;1983;1891
199604032400020078;1996;1891
199507032400010084;1995;1891
200005032200010091;2000;1891
200510032200020123;2005;1891
200005032400020090;2000;1891
200510032200010122;2005;1891
197411017500020027;1974;2193
198606017300010099;1986;1918
199406032300020093;1994;1891
197411032200010034;1974;1891
199706032200010095;1997;1891
199804032200010078;1998;1891
199604032200020081;1996;1891
198606016900020086;1986;1891
198803032200020079;1988;1891
199206032200020151;1992;1891
199306032200020093;1993;1891
198007032100010138;1980;1891
200407032100010063;2004;1891
200109032200020089;2001;1891
199706017400020007;1997;1918
199306032300020096;1993;1891
198206032100010144;1982;1891
199206032100010152;1992;1891
198106032100010152;1981;1891
199406032400010099;1994;1891
200109032100010090;2001;1891
200209032100010057;2002;1891
200610032100010095;2006;1891
196817017400030029;1968;1918
198606017300040100;1986;1918
197411017300020094;1974;1918
198606032200020094;1986;1891
198904032200010089;1989;1891
198508032200020071;1985;1891
199105032200020088;1991;1891
197411032200020035;1974;1891
199105032100010087;1991;1891
200709032200010064;2007;1891
200407032200020064;2004;1891
199908032200020083;1999;1891
200005032300010093;2000;1891
197411017600010026;1974;2193
196817017300020082;1968;1918
199706032300010094;1997;1891
198705032300010084;1987;1891
199306032200010095;1993;1891
200807017400040012;2008;1918
201804017400020128;2018;1918
200306032200020213;2003;1891
200610032200020092;2006;1891
200610032200010093;2006;1891
201804017400010136;2018;1918
197411017400030028;1974;1918
198405032300010128;1984;1891
199507032200010088;1995;1891
198606032200010095;1986;1891
197609032100010097;1976;1891
200306032300020214;2003;1891
201804032300060082;2018;1891
201804017500030137;2018;2193
200209032300020129;2002;1891
199706016900010093;1997;1918
197910032300020173;1979;1891
198508032300010073;1985;1891
199004032200020090;1990;1891
198306032200020148;1983;1891
198904032200020090;1989;1891
197512032200020178;1975;1891
199804032200020080;1998;1891
198206032200010145;1982;1891
198106032200010153;1981;1891
200610032300020091;2006;1891
200209032200020128;2002;1891
201804017300050125;2018;1918
200709032300020065;2007;1891
201304032300030177;2013;1891
197106017500020053;1971;2193
197106017400040051;1971;1918
197411017300030095;1974;1918
197712032300010097;1977;1891
197712032200020098;1977;1891
197806032100010118;1978;1891
201004032300030094;2010;1891
201604032300030108;2016;1891
198606032300010097;1986;1891
198705032300020085;1987;1891
198206032300010146;1982;1891
197806032300010121;1978;1891
198606032100010096;1986;1891
199507032100010089;1995;1891
200510032100010124;2005;1891
200807017400010014;2008;1918
200407032300020066;2004;1891
200005032200020094;2000;1891
200807032200020025;2008;1891
200709032200020063;2007;1891
200209032300010130;2002;1891
201105032300020090;2011;1891
200306032300010215;2003;1891
201904032300020146;2019;1891
200610032300010090;2006;1891
196817017500020025;1968;2193
199706017400010005;1997;1918
198803032300020081;1988;1891
197609032300020177;1976;1891
198803032200010080;1988;1891
199206032200010153;1992;1891
199706032200020100;1997;1891
199004032100010089;1990;1891
201604032300020109;2016;1891
201204032300020104;2012;1891
201004032300020095;2010;1891
200709032100010062;2007;1891
201804032300010083;2018;1891
200807032100010024;2008;1891
197106017600020054;1971;2193
197411017500010025;1974;2193
198007032300010142;1980;1891
198306032300020151;1983;1891
197609032200020178;1976;1891
197512032100010179;1975;1891
199306032100010094;1993;1891
201504032300010121;2015;1891
200407032200010065;2004;1891
200904032300010097;2009;1891
201304032300010178;2013;1891
200005032300020095;2000;1891
200807017300020015;2008;1918
196817017300030083;1968;1918
199706032300020092;1997;1918
199206032300020154;1992;1891
199306032300010098;1993;1891
199105032300020095;1991;1891
199804032300020081;1998;1891
197512032300020181;1975;1891
198405032200010129;1984;1891
200109032300020119;2001;1891
199908032300020088;1999;1891
199908032200010089;1999;1891
200807017500020011;2008;2193
201105032300010091;2011;1891
201504032300020122;2015;1891
199706017600010003;1997;2193
198606017500020104;1986;2193
197411032300020096;1974;1891
197806032300020120;1978;1891
198306032100010149;1983;1891
199604032200010082;1996;1891
201804017300020124;2018;1918
201604032300010110;2016;1891
196817010400010023;1968;2193
198106032300010154;1981;1891
198705032200020086;1987;1891
198306032200010150;1983;1891
198007032200010143;1980;1891
198508032100010074;1985;1891
201904032300030147;2019;1891
201804032300030084;2018;1891
200807010400010009;2008;2193
200407032300010067;2004;1891
200807032300010022;2008;1891
200807017300010017;2008;1918
200109032200010118;2001;1891
200807032300020021;2008;1918
196817017400040028;1968;1918
197106017400030050;1971;1918
197106017300020032;1971;1918
199406032300010091;1994;1891
198508032300020075;1985;1891
197806032200010119;1978;1891
198405032200020131;1984;1891
198904032100010145;1989;1891
197512032100020180;1975;1891
198405032100010130;1984;1891
197910032100010174;1979;1891
200510032300020125;2005;1891
201004032300010097;2010;1891
201504032300030123;2015;1891
201204032300030105;2012;1891
196817010300010024;1968;2193
198904032300010146;1989;1891
199406032200010092;1994;1891
201004032000040096;2010;1891
197106010400010055;1971;2193
197411010300030021;1974;2193
197411017400020024;1974;1864
199706017300010091;1997;1918
197411032000040033;1974;1918
199507032000010090;1995;1891
199306032000020099;1993;1891
200807017300030016;2008;1918
200306031800020216;2003;1891
200510032000010126;2005;1891
201804032000030085;2018;1891
200610031800020100;2006;1891
200807010300020010;2008;2193
200209031900010131;2002;1891
196614010400040180;1966;2193
196514010400030180;1965;2193
198606032000020124;1986;1918
198206031900020148;1982;1891
198306031900020152;1983;1891
201604032000010111;2016;1891
198007032000020146;1980;1891
198306032000030153;1983;1891
197609031900020082;1976;1891
198904031900010144;1989;1891
198803031900010087;1988;1891
197910031800010175;1979;1891
200709031800010061;2007;1891
200807031800010023;2008;1891
199908031900010090;1999;1891
200306031800010217;2003;1891
200709032000010058;2007;1891
200109032000010121;2001;1891
200005031900010096;2000;1891
201304032000030181;2013;1891
196413010400010016;1964;2193
196514010300020181;1965;2193
197411017400010022;1974;2193
197512031900010182;1975;1891
200610031900020096;2006;1891
200709031900020060;2007;1891
201804010400020139;2018;2193
201504032000020124;2015;1891
198606010400030105;1986;2193
197910032000010176;1979;1891
199105032000010097;1991;1891
199206031900010157;1992;1891
198405031900020133;1984;1891
196514010300040179;1965;2193
199706032000010090;1997;1918
198007031900010145;1980;1891
197609031900010081;1976;1891
199604031900020083;1996;1891
198007031800010144;1980;1891
198405031800010132;1984;1891
200407031900020094;2004;1891
200306031900020218;2003;1891
200709031900010059;2007;1891
200510031900010127;2005;1891
198606017300020122;1986;1918
199004031900020099;1990;1891
197806031900020125;1978;1891
199706031900020101;1997;1891
199306031900010100;1993;1891
201804010300040138;2018;2193
200904032000040102;2009;1891
200109031800010122;2001;1891
200209031800010132;2002;1891
201804010300020140;2018;2193
197106010300010057;1971;2193
196817017300040084;1968;1864
198606032000010123;1986;1918
197411031900020032;1974;1891
199206031800010158;1992;1891
198606031900010125;1986;1891
199908031900020091;1999;1891
200610031900010098;2006;1891
196614010300040179;1966;2193
197411010300020020;1974;2193
196817017400050027;1968;1864
199507032000020117;1995;1891
198206031900010150;1982;1891
197712031900020100;1977;1891
198803031900020088;1988;1891
197712031800010099;1977;1891
200807032000020126;2008;1891
201804017300060123;2018;1864
201804010400030141;2018;2193
199706010400010001;1997;2193
197106010300020056;1971;2193
197411017300010023;1974;1864
198106031900020156;1981;1891
198705031900010087;1987;1891
199004031900030100;1990;1891
199105031800010098;1991;1891
200407031900010095;2004;1891
200306031900010220;2003;1891
198606017300030121;1986;1864
199604032000010097;1996;1891
197512031900020184;1975;1891
198508031900010097;1985;1891
201804032000040086;2018;1891
200005031900020148;2000;1891
197106010400020059;1971;2193
198606010400010106;1986;2193
196307010300020167;1963;2193
197106010300030058;1971;2193
199004032000020101;1990;1891
199206031900020159;1992;1891
199105031900010099;1991;1891
199804031900020084;1998;1891
197806031800010126;1978;1891
201804010400010142;2018;2193
200807031900020127;2008;1891
199706010200050002;1997;2193
199706017400040004;1997;1864
197411032000030030;1974;1864
198705032000020088;1987;1891
198606031900020127;1986;1891
199105031900020100;1991;1891
198606031800010126;1986;1891
199706031800010102;1997;1891
198904031900030143;1989;1891
197512031800010185;1975;1891
199406031800010089;1994;1891
200807017400020107;2008;1864
196514010400020178;1965;2193
198606010300030107;1986;2193
201804010200020116;2018;1864
196614010400030177;1966;2193
198606010200020119;1986;1864
196817010200010026;1968;1864
198606010200070120;1986;1864
197411031900010031;1974;1891
199604031800010098;1996;1891
198106031800010155;1981;1891
196614010200010181;1966;2193
196614010300030178;1966;2193
196307010300010166;1963;2193
199507031900010118;1995;1891
196307010200030164;1963;1864
198206031900030149;1982;1891
196817010300020022;1968;2193
198606010300020115;1986;2193
197411010300010018;1974;2193
199706031900010103;1997;1864
199306031800010101;1993;1891
200109031900010123;2001;1891
200807032000010125;2008;1864
196514010400010176;1965;2193
197411010200020019;1974;2193
197512031800020186;1975;1891
197411010400030017;1974;2193
196817017300050086;1968;1864
197411032000020029;1974;1864
199804031800010085;1998;1891
198508031800010098;1985;1891
197806031900010127;1978;1891
199507031800010119;1995;1891
200005031800010147;2000;1891
201804032000010087;2018;1864
200407031800010097;2004;1891
196514010300030177;1965;2193
196413010200010017;1964;1864
197411017300040097;1974;1864
201804017300030121;2018;1864
201804010300030143;2018;2193
196307010200040165;1963;1864
197106017300030031;1971;1864
196817017300060085;1968;1864
201804017300040122;2018;1864
197106010400030060;1971;2193
196614010400020176;1966;2193
196307010300030168;1963;2193
196817010200020021;1968;1864
197411010400020016;1974;2193
197106010100010028;1971;1864
196817017300070087;1968;1864
200807010200070004;2008;1864
196817010100010088;1968;1864
196307010100030163;1963;1864
197411032000010028;1974;1864
199706032000020104;1997;1864
200807031900010128;2008;1864
201804032000050089;2018;1864
196817010300030019;1968;2193
196614010200020182;1966;1864
197106010200010025;1971;1864
197106017300040029;1971;1864
199706017300050105;1997;1864
198606017300050128;1986;1864
201804010200030117;2018;1864
196413010400020023;1964;2193
197106010200020024;1971;1864
196817010100020089;1968;1864
200807010300010008;2008;2193
196413010300010021;1964;2193
201804010200070115;2018;1864
200807031600020129;2008;1864
198606010200030118;1986;1864
196614010100010183;1966;1864
197106017300050030;1971;1864
197411031600020026;1974;1864
201804031700020090;2018;1864
198606010400020114;1986;1837
196614010300010174;1966;1837
199706010200010159;1997;1864
197106010100020027;1971;1864
197411017300050098;1974;1864
196307010100050162;1963;1864
197411031700030027;1974;1864
198606031500010129;1986;1864
200807017300040124;2008;1864
196614010300020175;1966;1837
197106010100030026;1971;1864
200807010200030007;2008;1864
196817010400020018;1968;1837
201804010100070120;2018;1864
200807010200040005;2008;1864
201804010200040118;2018;1864
196514010400040175;1965;1837
196413010300020024;1964;1837
196307010300040169;1963;1837
198606010200050116;1986;1864
197411010200050106;1974;1864
196413010200020018;1964;1864
201804031700030091;2018;1864
196514010200040182;1965;1864
196307010100040161;1963;1864
200807010100040123;2008;1864
196817010400030017;1968;1837
196413010200040022;1964;1837
196817010200030020;1968;1864
197411010100010099;1974;1864
199706031700020106;1997;1864
199706031600020107;1997;1864
198606010300010113;1986;1837
196413010300030025;1964;1837
196413010200030020;1964;1864
198606031700020130;1986;1864
200807031500010119;2008;1864
200807031600010130;2008;1864
201804010200050113;2018;1864
199706010300010160;1997;1837
199706010200020158;1997;1864
198606010200040117;1986;1864
197411031700020025;1974;1864
200807010200020006;2008;1864
197411010400010014;1974;1837
197411010200040105;1974;1864
198606031600010131;1986;1864
196413010400030027;1964;1837
196307010400020171;1963;1837
196514010300010174;1965;1837
201804010200080114;2018;1864
197411010800030013;1974;1837
199706010300020161;1997;1837
196307010300050172;1963;1837
196514010800040168;1965;1837
197106010800010063;1971;1837
199706010800010162;1997;1837
196614010400010173;1966;1837
197411010200060107;1974;1864
200807010100060122;2008;1864
198508011200030180;1985;2220
197106010200040061;1971;1837
199706031700010108;1997;1864
197512011200030207;1975;2220
199206011200010181;1992;2220
198803011200010159;1988;2220
196307010800010174;1963;1837
196817010700010013;1968;1837
196514010700040169;1965;1837
196413010300040026;1964;1837
196413010100040019;1964;1864
196307010200010159;1963;1864
196307010200020160;1963;1864
197106010200030023;1971;1864
201804010200060112;2018;1837
200807031700010132;2008;1864
196514011200020153;1965;2194
198606011200030217;1986;2220
197106011200010115;1971;2220
198206011200020248;1982;2220
197411011200020130;1974;2220
198306011200010245;1983;2220
196413010700010029;1964;1837
196614010700040172;1966;1837
196817010200040016;1968;1837
200807011200010173;2008;2194
201804010300010144;2018;1837
200510011200010177;2005;2220
200807031700020131;2008;1864
201804011200010189;2018;2194
201304011200010153;2013;2220
199706011100020176;1997;2194
196614011200020157;1966;2194
196817011100010114;1968;2194
198705011200010169;1987;2220
197208011200020100;1972;2220
196514011200030154;1965;2220
197910011200010247;1979;2220
198405011200010226;1984;2220
198106011200030176;1981;2220
197512011200020206;1975;2220
196817011200010112;1968;2220
197308011200030104;1973;2220
198405011200030225;1984;2220
198508011200010164;1985;2220
198508010800020162;1985;2220
196514010800030167;1965;1837
196307010800020175;1963;1837
197411010200030104;1974;1864
197411031700010024;1974;1864
201504011200020162;2015;2220
201304011200030152;2013;2220
197411011100020131;1974;2194
196413011200020043;1964;2220
198106011200020177;1981;2220
196817010800010008;1968;2220
198206010800010170;1982;2220
198606010800010209;1986;1837
197106010600090062;1971;1837
196413010100030015;1964;1864
196817010100030090;1968;1864
196614010100020184;1966;1864
201804010200010119;2018;1864
200209011200010171;2002;2220
201804010800020146;2018;1837
198606011100010218;1986;2194
198508011200020165;1985;2220
196911011200020098;1969;2220
198606011200020214;1986;2220
197411011200030128;1974;2220
197308010800010099;1973;2220
196514010800010158;1965;2220
197609010800010012;1976;2220
198405010800010205;1984;2220
199507010800010174;1995;2220
197712010800010185;1977;2220
197411010800020008;1974;1837
196817010800020012;1968;1837
196614010700050170;1966;1837
196413010700020030;1964;1837
196307010700010176;1963;1837
197106010600010064;1971;1837
196307010200050173;1963;1837
196514010200030173;1965;1837
199706010200070157;1997;1864
198606031700010132;1986;1864
201004011200010204;2010;2220
200807010200060109;2008;1837
201904010800010213;2019;2220
201804010700040145;2018;1837
201604011200020199;2016;2220
201604010800030198;2016;2220
196514011100010144;1965;2194
197411011100030133;1974;2194
197806011200020228;1978;2220
197512011200010205;1975;2220
198306010800010243;1983;2220
196614010800010164;1966;2220
197208010800030006;1972;2220
196413010800010031;1964;1837
197411010200010012;1974;1837
199706010100060109;1997;1864
200904010800030173;2009;2220
197411011200010138;1974;2248
196817011200020124;1968;2248
197106011100010120;1971;2248
197712011200030188;1977;2220
199706011200010165;1997;2220
196614011200040163;1966;2220
198904011200010173;1989;2220
197308011200020102;1973;2220
196911010800010007;1969;2220
198904010800010172;1989;2220
196413010800030037;1964;2220
197411010800010006;1974;1837
198606010800030211;1986;1837
196413010800020032;1964;1837
196614010800030169;1966;1837
197106010800020065;1971;1837
198606010600030173;1986;1837
197411010600040011;1974;1837
200807010800010170;2008;1837
200610011200010163;2006;2220
200904011200020175;2009;2220
201504011200010161;2015;2220
201804010800010147;2018;1837
196614011200010156;1966;2248
196307011100010146;1963;2248
196817011100020113;1968;2194
196514011200040157;1965;2220
196413011200010036;1964;2220
197106011200020111;1971;2220
198206010800030168;1982;2220
196307010700050188;1963;1837
198606010800020210;1986;1837
196817010800030010;1968;1837
196614010800020168;1966;1837
196514010800020166;1965;1837
201105010800020192;2011;2220
201804011100030188;2018;2194
201304011200020151;2013;2220
201204010800020238;2012;2220
201804011200020185;2018;2220
201504010800010160;2015;2220
197106011200030121;1971;2248
196413011200030045;1964;2248
197411011000020134;1974;2194
196413011000030044;1964;2194
197411011100010132;1974;2194
196614011200030162;1966;2194
199507011200010177;1995;2220
197806011200030227;1978;2220
197806010700020182;1978;2220
196614010700010165;1966;2220
196817010700020009;1968;1837
196307010700040187;1963;1837
197106010800030066;1971;1837
198606010600040174;1986;1837
196614010600030171;1966;1837
199706010200040156;1997;1837
200904010800020174;2009;2220
201304010800010150;2013;2220
201804010800030148;2018;1837
200807011100020172;2008;2194
201804011200030190;2018;2248
196614011100030160;1966;2194
199706010700010163;1997;1837
196817010100040093;1968;1864
199706010100020110;1997;1864
200807010200050110;2008;1837
200209010700010154;2002;2220
198606011100030216;1986;2194
197106011100020112;1971;2194
197512010700020042;1975;2220
196413010700040034;1964;1837
197106010200050018;1971;1837
197106010200060019;1971;1864
197411010100030102;1974;1864
198606010100010138;1986;1864
200807010700010169;2008;1837
199706011000040175;1997;2194
196514011100030155;1965;2194
196307011100020153;1963;2194
196614010700030167;1966;1837
196413010600050028;1964;1837
196614010200030186;1966;1864
199706010200060111;1997;1864
200807011100010174;2008;2194
196817011500010126;1968;2248
197106011500010122;1971;2248
196514011500030142;1965;2248
196514011200010143;1965;2248
196514011100020145;1965;2194
196614011000040159;1966;2194
196817011100030111;1968;2194
197106011100030114;1971;2194
196413011100020042;1964;2194
196514011100040156;1965;2194
196413011100010035;1964;2194
196817010700040007;1968;1837
196817010700030011;1968;1837
196514010200010171;1965;1837
196817010100050092;1968;1864
198606010100050139;1986;1864
201804010700030184;2018;1837
201804010700010149;2018;1837
201804011100020186;2018;2194
196614011100040153;1966;2248
196614011100020155;1966;2194
199706011100010166;1997;2194
198606010700020212;1986;1837
196307010700030186;1963;1837
198606010700030208;1986;1837
196817010200050015;1968;1837
197411010100020101;1974;1864
198606010100020137;1986;1864
197411031600010023;1974;1864
198606031600020133;1986;1864
200807010700020171;2008;1837
196307011400060144;1963;2248
196817011400010125;1968;2248
196413011100030046;1964;2248
199706011000060177;1997;2194
198606011000060179;1986;2194
196307010600010177;1963;1837
196514010600040170;1965;1837
196614010100030185;1966;1864
197106010100040022;1971;1864
199706031600010112;1997;1864
200807010200010108;2008;1864
201804010100050095;2018;1864
201804010600060150;2018;1837
201804011100010191;2018;2248
196514011000040152;1965;2194
198606011100020213;1986;2194
196514010700010159;1965;1837
198606010100060136;1986;1864
198606031400020135;1986;1864
198606031300020134;1986;1864
201804010100030094;2018;1864
201804011100040192;2018;2248
196413011400010062;1964;2248
196614011000050161;1966;2194
196514011000030151;1965;2194
199706010700020164;1997;1837
196514010700030165;1965;1837
197411010600030010;1974;1837
196514010100010183;1965;1864
201804011000060187;2018;2194
196413011500010063;1964;2248
196817011500020130;1968;2248
196413011100040047;1964;2248
198606011000020178;1986;2194
196614010700020166;1966;2194
196514010200020172;1965;1837
201804011500020199;2018;2248
196514010700020160;1965;2194
197106010700030068;1971;1837
197106010700020071;1971;1837
197411010700020007;1974;1837
196614010200040187;1966;1837
197411010100040103;1974;1864
196514010100020184;1965;1864
201804011000090194;2018;2194
201804031400010093;2018;1864
201804011500010200;2018;2248
200807010600080111;2008;1837
200807011000050176;2008;2194
200807010600070168;2008;1837
196614011100010154;1966;2248
198606011000040180;1986;2194
196817011000010115;1968;2194
198606010100040140;1986;1864
196817010100060091;1968;1864
199706031300010113;1997;1864
201804010100040096;2018;1864
197411010700010005;1974;1837
196413010700030033;1964;1837
196307010700020185;1963;1837
196307010600030179;1963;1837
198606010200010141;1986;1837
201804010700020183;2018;1837
196413011500020064;1964;2248
196817011400020129;1968;2248
196817011000020123;1968;2194
197411011000040135;1974;2194
197411011000030127;1974;2194
196413011000020041;1964;2194
196817011000030110;1968;2194
198606010700010176;1986;2194
197106010600020073;1971;1837
198606010600020172;1986;1837
196817010600010014;1968;1837
196817010200060098;1968;1837
199706010200030155;1997;1837
196413010100020014;1964;1864
199706031400020114;1997;1864
200807031300010133;2008;1864
200807010100050121;2008;1864
201804011000010193;2018;2194
197106011000010110;1971;2194
197106010100050020;1971;1864
196614011500030149;1966;2221
196817011500030131;1968;2221
196614011400040151;1966;2248
196817011300010127;1968;2248
196514011000010146;1965;2194
196817011000040116;1968;2194
196514010600030164;1965;1837
196817010200070097;1968;1837
197411031400040022;1974;1864
201804031400020097;2018;1864
201804011000070195;2018;2194
200807010100020120;2008;1864
197106011500020189;1971;2221
196614011500040150;1966;2221
196307011000030145;1963;2248
197106011000100109;1971;2194
197106010600100072;1971;1837
199706010600080154;1997;1837
199706010100030123;1997;1864
197106010100060021;1971;1864
197411031400030021;1974;1864
198606011500010222;1986;2221
197411011400030152;1974;2221
198606031400010145;1986;1864
201704011500010030;2017;2221
197411011500020153;1974;2221
196817011500040134;1968;2221
197106011300010123;1971;2248
196307011000040147;1963;2194
196614011000030158;1966;2194
197411010600020003;1974;1837
196307010600070184;1963;1837
197106010600110070;1971;1837
197106010600030074;1971;1837
198606010200060112;1986;1837
196307010100020158;1963;1837
199706010100070131;1997;1837
198606010100070142;1986;1864
201704011400030029;2017;2221
200807010600060112;2008;1837
200807011000010175;2008;2194
201804011000080182;2018;2194
200807011400030184;2008;2221
198606011500020223;1986;2221
196307011400030133;1963;2221
196514011400050133;1965;2221
197411011000050137;1974;2194
197106011000020116;1971;2194
199706011000050174;1997;2194
199706010600010148;1997;1837
197411010200070108;1974;1837
199706031400010115;1997;1864
198606031200010146;1986;1864
201804010600040151;2018;1837
200807031400020135;2008;1864
196413011400030066;1964;2221
196514011000020150;1965;2194
198606010600070175;1986;1837
199706031100020122;1997;1864
198606031100020144;1986;1864
200807011500010185;2008;2221
200807010100070140;2008;1864
201804031400030098;2018;1864
201704011300030027;2017;2248
200807010600050165;2008;2194
201804031100020099;2018;1864
198606011400030221;1986;2221
196514011500020134;1965;2221
197106011400010190;1971;2221
197106011000030117;1971;2194
196614011000020121;1966;2194
198606011000080177;1986;2194
196307010600020178;1963;1837
196614010600040189;1966;1837
196614010100040188;1966;1837
197411031400020020;1974;1864
199706031300020116;1997;1864
200807010600030167;2008;1837
200807031100020138;2008;1864
200807010600020166;2008;1837
196307011400020132;1963;2221
196307011400050143;1963;2221
199706011300080201;1997;2221
196817011000050122;1968;2194
199706011000030173;1997;2194
196817010100070094;1968;1864
198606031100010143;1986;1864
200807031300020118;2008;1864
196307011400040134;1963;2221
196817011400030133;1968;2221
197106011400020188;1971;2221
196413011400020065;1964;2221
197411011500040151;1974;2221
197411011400040150;1974;2221
197411011300010139;1974;2221
199706011000070178;1997;2194
196307011000010152;1963;2194
199706010600040149;1997;1837
199706031100010121;1997;1864
197411031100030018;1974;1864
197411031400010019;1974;1864
200807031400010134;2008;1864
200807031100010139;2008;1864
201304011500030280;2013;2276
196514011400040132;1965;2221
199706011400020204;1997;2221
196614011400030145;1966;2221
197106011000040118;1971;2194
197106011000090108;1971;2194
201804031100010100;2018;1864
201804011300020198;2018;2194
197006011500030139;1970;2276
197106011500030184;1971;2221
197411011400020154;1974;2221
196413011300010061;1964;2221
197106011000050119;1971;2194
196614010600020120;1966;1837
196817010600030006;1968;1837
198606010600060171;1986;1837
199706010600030153;1997;1837
196817010600020099;1968;1837
196817010100080096;1968;1837
196514010100040186;1965;1837
197106010100070016;1971;1837
199507011500010224;1995;2276
196614011400020143;1966;2221
196614011500020144;1966;2221
196614011300060152;1966;2221
196514011300070141;1965;2221
198606011000050183;1986;2194
197106010600040010;1971;1837
197106010200070017;1971;1837
198606010100030153;1986;1864
197411031100010003;1974;1864
201804011400010229;2018;2221
197609011500030320;1976;2276
196514011400020128;1965;2221
197106011400040186;1971;2221
197106011400030187;1971;2221
196307010600060183;1963;1837
196514010600020163;1965;1837
196307010600040180;1963;1837
198606010600080111;1986;1837
196413010100010013;1964;1837
197411031300010001;1974;1864
201504011500040268;2015;2276
201804010600050111;2018;1837
200807010600040113;2008;1837
199004011500010229;1990;2276
196307011500010131;1963;2276
197411011500030167;1974;2276
196614011400010142;1966;2276
196413011400040067;1964;2221
196817011400040135;1968;2221
199706011300070205;1997;2221
196817011300020132;1968;2221
196514011400030135;1965;2221
196614011300050148;1966;2221
197106011300020191;1971;2221
196817011300080128;1968;2221
199706011000020167;1997;2194
196817010600040101;1968;1837
199706010100040125;1997;1864
199706031000020118;1997;1864
198606031300010147;1986;1864
199706031200010117;1997;1864
200807011000060177;2008;2194
200807011400020186;2008;2221
200807011300040183;2008;2221
201804031100030101;2018;1864
200807031000010136;2008;1864
201804030800020102;2018;1864
201804011300050201;2018;2221
201804011400040230;2018;2221
199908011500010229;1999;2276
199706011500010212;1997;2276
198606011400010224;1986;2221
198606011300020219;1986;2221
198606011000010182;1986;2194
196817011000060109;1968;2194
197106010600060069;1971;1837
198606030800020152;1986;1864
199706030800010124;1997;1864
197411031100020017;1974;1864
198606031000010149;1986;1864
201704011400010082;2017;2221
201704011400040083;2017;2221
201804010100060106;2018;1837
199706011000080199;1997;2194
196817011000070120;1968;2194
198606011000030181;1986;2194
197106011000070106;1971;2194
197411010600010002;1974;1837
197411010600070116;1974;1837
197106010600050011;1971;1837
197411031000010004;1974;1864
199706030900010119;1997;1864
197411031300020002;1974;1864
201704011500020085;2017;2276
201804030800030103;2018;1864
200904011500010222;2009;2276
200807011000070179;2008;2194
200807011300080187;2008;2221
201404010100040128;2014;1810
201804011400030233;2018;2276
200807011000080182;2008;2194
200807010600010152;2008;1837
201804011000100181;2018;2194
199908011400010228;1999;2276
200807031000020137;2008;1864
200807031200010117;2008;1864
196614011300040147;1966;2221
196817011000080121;1968;2194
196413011000040048;1964;2194
196413011000010006;1964;2194
197411011000080125;1974;2194
197106011000060107;1971;2194
196817010100090095;1968;1810
198206030800010220;1982;1810
198606031000020150;1986;1864
198606030900010148;1986;1864
200807010100030143;2008;1837
201804010600080152;2018;1837
201204011500030264;2012;2276
201804011300100204;2018;2221
201704011400020084;2017;2221
197411011500010168;1974;2276
197411011300040147;1974;2221
198606010600010170;1986;1837
197411010100060110;1974;1837
197411010100050109;1974;1837
198508030800020134;1985;1810
199306030800020142;1993;1810
198306030800010172;1983;1810
201804010600010153;2018;1837
200209030800020074;2002;1810
201904010100030038;2019;1810
200904030800020128;2009;1810
201504030800010198;2015;1810
201804010100010105;2018;1837
200807030900010116;2008;1864
196307011400010130;1963;2221
197106011300030192;1971;2221
196307011300050142;1963;2221
196817010900010117;1968;2194
197411010900010136;1974;2194
196817010600050005;1968;1837
199706010600070150;1997;1837
196514010100030185;1965;1837
197910010100040205;1979;1810
199206030800020134;1992;1810
199706030800020126;1997;1810
197411030800030016;1974;1810
199507030800020138;1995;1810
198106030700010185;1981;1810
199004030800010134;1990;1810
199804030800010134;1998;1810
198904030700020120;1989;1810
198606030700020151;1986;1864
199706031000010120;1997;1864
201204030800020122;2012;1810
201804011300030202;2018;2221
200709030800020134;2007;1810
200807010100010144;2008;1837
200005011400010194;2000;2276
200807030700020141;2008;1810
200807010900030178;2008;2194
201105030800020159;2011;1810
200209030700020072;2002;1810
200709030700010133;2007;1810
200005030700020126;2000;1810
200510030700020047;2005;1810
201804011000050197;2018;2194
199706011400030211;1997;2221
196307011300020135;1963;2221
198606011300090220;1986;2221
196817010900020119;1968;2194
199706010600060147;1997;1837
196307010500030156;1963;1837
196413010500050012;1964;1837
199706010100050132;1997;1837
198904030800010119;1989;1810
199004030800020137;1990;1810
199206030800010135;1992;1810
199604030800010140;1996;1810
197609030800010035;1976;1810
198705030700010127;1987;1810
198508030700020133;1985;1810
197411031000020005;1974;1810
198106030900010187;1981;1810
198007030900010199;1980;1810
201204030800030123;2012;1810
201804010600070161;2018;1837
201904030800020037;2019;1810
201404010100020126;2014;1810
201804010500020154;2018;1837
201804011300070231;2018;2221
201304030800010191;2013;1810
201404030800020127;2014;1810
200610011500010224;2006;2276
201604030800010176;2016;1810
196413011500030076;1964;2276
197006011500040140;1970;2276
198606011300070226;1986;2221
196817011300030136;1968;2221
196514011300030131;1965;2221
196307011000020141;1963;2194
196514010900010147;1965;2194
196413010900050040;1964;2194
196413010600020005;1964;2194
196817010600060004;1968;2194
196514010600050187;1965;1837
197106010500010012;1971;1837
197910010100060206;1979;1810
198405030800020176;1984;1810
198206030800030222;1982;1810
198007030700010200;1980;1810
198206030700010221;1982;1810
199004030700030136;1990;1810
198508030600010132;1985;1810
197512030700030012;1975;1810
198405030700030177;1984;1810
200807011000030180;2008;2194
200109030700020150;2001;1810
200709030600010135;2007;1810
200610030800020136;2006;1810
201004030800010167;2010;1810
201804010600020160;2018;1837
200306010100030045;2003;1810
200807030600010115;2008;1810
201004030800020168;2010;1810
200306030700010042;2003;1810
200807030700010142;2008;1810
201804011300060203;2018;2221
201604011500030275;2016;2276
200904030800030127;2009;1810
201804011300080232;2018;2221
196413011300020068;1964;2221
197411011300090146;1974;2221
199706010900010179;1997;2194
196817010900030108;1968;2194
196614010900040122;1966;2194
199706010600020152;1997;1837
196413010500040011;1964;1837
198606030800010154;1986;1810
198306030700030173;1983;1810
199105030700010138;1991;1810
199507030700020139;1995;1810
197609030700020034;1976;1810
199706030700010128;1997;1810
199306030700010143;1993;1810
199604030600010142;1996;1810
199004030700020135;1990;1810
197512030700010013;1975;1810
199706030600010127;1997;1810
201704011300040028;2017;2221
201904030800010039;2019;1810
201604030800020175;2016;1810
201105030800030160;2011;1810
196514011500010126;1965;2276
196614011500010141;1966;2276
196514011300010129;1965;2221
197106011300050185;1971;2221
198606011000070184;1986;2194
199706010900020172;1997;2194
196514011000050161;1965;2194
196307010600050181;1963;1837
197806030700010169;1978;1810
198803030700010130;1988;1810
198106030700030184;1981;1810
201704011500030086;2017;2276
201204011400040263;2012;2276
201704011300100081;2017;2221
200407030600010129;2004;1810
200306030600010043;2003;1810
201304030800020192;2013;1810
200109030800010151;2001;1810
198606011500030227;1986;2276
198405011500030248;1984;2276
198206011500020289;1982;2276
199306011500010235;1993;2276
198405011400030247;1984;2276
197006011400030142;1970;2276
196514011400010127;1965;2221
197106011300060183;1971;2221
198606011300060225;1986;2221
196614011300030146;1966;2221
196514011300040136;1965;2221
197106011300040193;1971;2221
197411011000060140;1974;2194
197106010900080202;1971;2194
196817011000090106;1968;2194
197106010600070009;1971;1837
199706010600050151;1997;1837
198606010500010110;1986;1837
197106010100080015;1971;1837
199706010100010130;1997;1810
197910030800020208;1979;1810
198803030800010131;1988;1810
197411030800020015;1974;1810
197411030800040006;1974;1810
198904030800020118;1989;1810
197712030700020143;1977;1810
198306030700010174;1983;1810
199105030600010139;1991;1810
199604030700020141;1996;1810
199406030600010133;1994;1810
200209030700030073;2002;1810
200510030800010048;2005;1810
200807011300020188;2008;2221
200709030700020136;2007;1810
200807011000020181;2008;2194
200610030700020137;2006;1810
201804011400020235;2018;2276
200306030700020044;2003;1810
199908030700020119;1999;1810
200407030800020120;2004;1810
201404011500030259;2014;2276
200807011400010214;2008;2276
197512011500020246;1975;2276
197208011500030134;1972;2276
197712011500030242;1977;2276
197910011500020312;1979;2276
196413011400050075;1964;2276
197208011400040133;1972;2276
196307010900030150;1963;2194
196413010900040039;1964;2194
197106010900010105;1971;2194
196614011000010119;1966;2194
196514010600010162;1965;1837
198508030800010135;1985;1810
199406030800010135;1994;1810
198106030700020183;1981;1810
199706030700020129;1997;1810
199406030700010134;1994;1810
201704011300080080;2017;2221
200807010900020164;2008;2194
201604030800030174;2016;1810
201304011500020284;2013;2276
197006011400040141;1970;2276
197712011400010241;1977;2276
196817011300040137;1968;2221
198606010900050207;1986;2194
197411010500020115;1974;1837
198007030800020201;1980;1810
198106030800020182;1981;1810
199804030700020132;1998;1810
197609030700030033;1976;1810
199105030700020140;1991;1810
198705030700020128;1987;1810
199507030600010143;1995;1810
197910030700020207;1979;1810
197512030600010014;1975;1810
200306030800020046;2003;1810
201804010100020107;2018;1837
200807011300090211;2008;2221
201804011500030236;2018;2249
200807030800010145;2008;1837
201704011300010079;2017;2221
200610030700010138;2006;1810
200709030800010139;2007;1810
200807030800020114;2008;1810
201504030800020199;2015;1810
201404030800010125;2014;1810
198606011400020229;1986;2276
196413011300050074;1964;2221
196413011300040069;1964;2221
196413011900030060;1964;2221
197106011900010194;1971;2221
196413011000050049;1964;2194
196817010900040118;1968;2194
196307010900040151;1963;2194
197411011000010120;1974;2194
196413010600040009;1964;1837
197106010500080014;1971;1837
196307010100010157;1963;1837
199507030800010144;1995;1810
197712030800010145;1977;1810
198306030700020175;1983;1810
198405030700010175;1984;1810
197712030600010144;1977;1810
201804010900010179;2018;2194
200005030600010122;2000;1810
201804030800010104;2018;1810
197411011000070141;1974;2194
196514010900030149;1965;2194
196307010900010148;1963;2194
196614010900050123;1966;2194
196413010600010004;1964;1837
196614010600050190;1966;1837
199105030800010141;1991;1810
197806030700020194;1978;1810
198606030600010155;1986;1810
197512030700020015;1975;1810
197806030700030193;1978;1810
199306030600010140;1993;1810
201804011300090234;2018;2221
201304030800030193;2013;1810
196514011800040125;1965;2249
199706011300050213;1997;2221
199706011300010203;1997;2221
196514011300050137;1965;2221
197106011900020124;1971;2221
197411011300020142;1974;2221
197411010900040124;1974;2194
199706010900030168;1997;2194
197411030800010014;1974;1837
199804030700010131;1998;1810
199507030700010145;1995;1810
198904030700030117;1989;1810
200109030700010152;2001;1810
200005030700010120;2000;1810
200807011300050210;2008;2221
201704011300090089;2017;2221
198606011800020228;1986;2249
196307011700050128;1963;2249
196307011300010129;1963;2221
196413011300030070;1964;2221
197106011900030128;1971;2221
197411011900010145;1974;2221
197411011300030143;1974;2221
198606011300010185;1986;2221
199706011000010180;1997;2194
196413010600030007;1964;1837
197411010600080117;1974;1837
197106010500070013;1971;1837
197411010500050114;1974;1837
199206030700010133;1992;1810
199804030600010130;1998;1810
198606030700010156;1986;1810
201704011300070087;2017;2221
201804010900040178;2018;2194
201704011300060088;2017;2221
200610030600010141;2006;1810
198606011300030230;1986;2221
199706011300060210;1997;2221
197106011300070182;1971;2221
196413011900020059;1964;2221
196514011300060140;1965;2221
197106011000080104;1971;2194
196817010500010100;1968;1837
197411030700010007;1974;1837
198007030600010204;1980;1810
200807011000040201;2008;2194
200807030500020146;2008;1837
201804011300040205;2018;2221
200807010900050200;2008;2194
200807010900040199;2008;2194
201804030500030108;2018;1837
196413011800010077;1964;2249
196614011800030138;1966;2249
196514011300020130;1965;2221
199706011300090206;1997;2221
199706011900030202;1997;2221
196817010600070102;1968;1837
197106010600080008;1971;1837
199706030500020133;1997;1837
197411030500010008;1974;1837
201804011300010206;2018;2221
201704011300050078;2017;2221
200807011300010213;2008;2249
197411011300060155;1974;2221
196614011900020126;1966;2221
197106010900020199;1971;2194
196514010900020148;1965;2194
196413010900030038;1964;2194
199706034600010170;1997;2194
197411010900050121;1974;2194
197411010600050118;1974;1837
198606030500010158;1986;1837
201804034600030177;2018;2194
201804010600090163;2018;1837
197106011700010169;1971;2249
199706011600060214;1997;2249
197411011300080166;1974;2221
196817011300050138;1968;2221
197411011300070156;1974;2221
196307011300030136;1963;2221
197106010900070005;1971;2194
196614010600010118;1966;2194
200807010500010151;2008;1837
200807010500050153;2008;1837
201804011900040208;2018;2221
200807030300010147;2008;1837
201804010900030173;2018;2194
201804030500010109;2018;1837
200807011800020215;2008;2249
197411011700010169;1974;2249
196614011300020140;1966;2249
198606011300040231;1986;2221
196307011300040140;1963;2221
199706010900040184;1997;2194
196307010900020149;1963;2194
197106010900030201;1971;2194
198606030400020157;1986;1837
199706030400020134;1997;1837
201804011600020237;2018;2249
196307011800010127;1963;2249
196614011700040137;1966;2249
196413011700010078;1964;2249
197106011600010170;1971;2249
196817011300060139;1968;2221
197411011900020144;1974;2221
196614011900010125;1966;2221
196817010900050107;1968;2194
197411010600060119;1974;1837
197411010500040112;1974;1837
197411010500030113;1974;1837
196307010500020155;1963;1837
198606030500020159;1986;1837
201804010500010155;2018;1837
200807011600060216;2008;2249
200807030500010149;2008;1837
201804011000030213;2018;2194
200807030400010148;2008;1837
200807010500040162;2008;2194
201804011800020266;2018;2249
198606011300050232;1986;2221
197106011300080181;1971;2221
196514010900040190;1965;2194
199706010500040138;1997;1837
199706030500010137;1997;1837
199706030400010135;1997;1837
197411030400020013;1974;1837
200807010900010163;2008;2194
201804030500020110;2018;1837
201804034600020176;2018;2194
201804011900030207;2018;2221
197411011800030170;1974;2249
198606010900020276;1986;2194
199706034600020169;1997;2194
198606034600010206;1986;2194
197411010900020122;1974;2194
196614010900030116;1966;2194
196817010900060105;1968;2194
198606010600050168;1986;1837
197411030500020012;1974;1837
201804010900050174;2018;2194
200807011300070212;2008;2249
196614011600070139;1966;2249
196817011600010142;1968;2249
199706011300040209;1997;2221
196817011900010140;1968;2221
199706010900050171;1997;2194
197106010900040103;1971;2194
198606010500040169;1986;1837
199706010500020146;1997;1837
196514010500010188;1965;1837
198606010500050166;1986;1837
196413010500030010;1964;1837
198606030400010161;1986;1837
199706030300010136;1997;1837
197106011000110195;1971;2221
198606035500010275;1986;2194
196614010500020191;1966;1837
198606030200010162;1986;1837
197411030400010009;1974;1837
198606030300010160;1986;1837
201704011700040031;2017;2249
201804010900020172;2018;2194
200807030400020150;2008;1837
197106011800010168;1971;2249
196817011300070141;1968;2221
196307011000050139;1963;2221
199706035500040181;1997;2194
196307010500040182;1963;2194
196817010500020003;1968;1783
197106010500020006;1971;1783
197106010500060007;1971;1837
197411030200010010;1974;1837
201804011700020268;2018;2249
200807011300060203;2008;2221
200807010500030161;2008;1783
197411011300050165;1974;2249
199706011300020207;1997;2221
197106010900050198;1971;2194
197106010500030004;1971;2194
198606010500020167;1986;1783
196413010500020008;1964;1783
199706030200010139;1997;1837
200807035500040197;2008;2194
200807010500020156;2008;1837
201804030200020157;2018;1837
201804011600040238;2018;2249
196307011600070126;1963;2249
198606011300080233;1986;2221
198606011900050188;1986;2221
197106011900040127;1971;2221
196413011900010058;1964;2221
201804010500030164;2018;1783
201804011700010269;2018;2249
200807012300010202;2008;2221
201804010500040159;2018;1837
196817011700010143;1968;2249
197106011900050126;1971;2221
197106012300010125;1971;2221
196514012300060139;1965;2221
196817010900070104;1968;2194
199706010500010145;1997;1783
198606010500030165;1986;1783
196817010500030103;1968;1783
196614010500030192;1966;1837
200807035500050198;2008;2194
200807011900060208;2008;2221
201804030200030158;2018;1837
196514012300050138;1965;2221
196614012300060124;1966;2221
196817012300010164;1968;2221
199706012500020185;1997;2194
198606035500020274;1986;2194
198606034600020205;1986;2194
197411010500060111;1974;1783
198606030100010163;1986;1837
201704011800030034;2017;2249
197411011600030164;1974;2249
199706011900060197;1997;2221
197106012500010197;1971;2194
196413012500010050;1964;2194
199706035500020183;1997;2194
196413010500010003;1964;2194
197411010500010001;1974;1783
196514010500020189;1965;1783
196307010500010154;1963;1783
199706030200020140;1997;1783
201804011900050243;2018;2221
199706012300040195;1997;2221
196817012500010165;1968;2194
196614010500010117;1966;1783
201704011700020033;2017;2249
198606011600050234;1986;2249
199706011300030208;1997;2221
197106011300090180;1971;2221
196817012300020162;1968;2221
196817012300030163;1968;2221
196614012500010108;1966;2194
196614010900020115;1966;2194
197411010900030123;1974;2194
201704011600080032;2017;2249
200807030200020155;2008;1783
196413011900040071;1964;2221
199706012300140196;1997;2221
196307012300030138;1963;2194
197411012500020220;1974;2194
196413010900020002;1964;2194
196817010500040002;1968;1783
197411030200020011;1974;1783
198606030200020164;1986;1783
200807011600100218;2008;2249
201704011900050077;2017;2221
200807012500010196;2008;2194
196413011700060079;1964;2249
196614011300010131;1966;2221
196307012000040137;1963;2221
199706035500050182;1997;2194
198606010900010204;1986;2194
201804011600050239;2018;2249
201704011300020093;2017;2221
196817011600020144;1968;2249
197106011600020171;1971;2249
196307011900020117;1963;2221
197411012000010215;1974;2221
198606012300010186;1986;2221
197411012300050219;1974;2194
197411012500040221;1974;2194
196514010900050191;1965;2194
197106010900060003;1971;2194
196614010500040193;1966;1783
201704011600030095;2017;2249
200807011300030219;2008;2221
200807011700040227;2008;2249
200807011900050207;2008;2221
201704012300040120;2017;2221
196514011800030124;1965;2249
199706011600090215;1997;2249
197411011600010163;1974;2249
198606011600070235;1986;2249
196413011900050072;1964;2221
197106011900060179;1971;2221
199706011900040262;1997;2221
196817011900020158;1968;2221
196413012300040057;1964;2221
199706012500010186;1997;2194
197106012500020196;1971;2194
200807011900070209;2008;2221
201804011600030240;2018;2221
201704011600040094;2017;2221
201704011900070090;2017;2221
196817011600030145;1968;2249
196817011900030157;1968;2221
197411011900040157;1974;2221
196514012300020108;1965;2221
196614010900010114;1966;2194
200807011600070217;2008;2249
196307011700040124;1963;2249
196514011900030115;1965;2221
197106011900070178;1971;2221
196614011900030127;1966;2221
196413012500020051;1964;2194
196514010500030192;1965;1783
201704011800040035;2017;2249
201704011600050096;2017;2249
200807012000050205;2008;2221
200807012500030195;2008;2194
201804034600050175;2018;2194
196817011800010146;1968;2249
196413011600010073;1964;2249
196307011900010116;1963;2221
198606012300030187;1986;2221
197411012400030232;1974;2221
196413012300010052;1964;2194
199706012500030187;1997;2194
198606010900040203;1986;2194
201704011900020092;2017;2221
201804012300060212;2018;2221
201804012300010209;2018;2221
201804012300020210;2018;2221
196817011600040153;1968;2249
196614011900040128;1966;2221
196514011900010113;1965;2221
196614012000050104;1966;2221
196817012500020166;1968;2194
196413010900010001;1964;2194
200807034500020157;2008;1783
196614011700030136;1966;2249
196514011600030118;1965;2249
196817012000010159;1968;2221
197411012300030218;1974;2221
197411012300020222;1974;2221
197106010500050001;1971;1783
199706010500030141;1997;1783
200807034600010160;2008;2194
196514011700030123;1965;2249
196307011900030118;1963;2221
197106010500040002;1971;1783
201804034500020165;2018;1783
201804010500050169;2018;1783
201804011600070265;2018;2249
200807012000020206;2008;2221
197106011600040167;1971;2249
198606011600040248;1986;2249
196817011600050152;1968;2249
197106011600030172;1971;2249
197411011900060162;1974;2221
196817011900040154;1968;2221
196817012000020160;1968;2221
197106012000010136;1971;2221
197411012300040217;1974;2221
197411011900030216;1974;2221
197411012500030223;1974;2194
196817010500050001;1968;1783
201804012300040211;2018;2221
198606011600100247;1986;2249
196307011600060125;1963;2249
198606011600020246;1986;2249
199706012300050263;1997;2221
196413012300030056;1964;2221
201704011700030036;2017;2249
196307011700030123;1963;2249
198606011900040236;1986;2221
196514012300030109;1965;2221
196614010500050194;1966;1783
199706010500050142;1997;1783
201804034600040171;2018;1783
201804012500030214;2018;1756
200807012300050204;2008;2221
200807034600020159;2008;2194
200807011600020225;2008;2249
199706011600080225;1997;2249
196514011600040119;1965;2249
201804011900010242;2018;2221
196413011700020080;1964;2249
198606011700010249;1986;2249
197411012000020214;1974;2221
198606012300020189;1986;2221
196614012300020105;1966;2221
196514012400060107;1965;2221
196514012500030106;1965;1756
198606034500010108;1986;1783
201704012300020121;2017;2221
201804011900020241;2018;2221
201704012400060170;2017;2221
200807011600150221;2008;2249
196817011600060151;1968;2249
197106011900080177;1971;2221
197411011900050158;1974;2221
199706012000050261;1997;2221
197106012300020137;1971;2221
196307012300020115;1963;2221
197106012300030135;1971;2221
196307012400110114;1963;2221
196614012500030110;1966;1756
199706035500010188;1997;1756
201804011600060264;2018;2249
201704011900010097;2017;2249
201804012400030247;2018;2221
201804012500040216;2018;1756
200807011900080220;2008;2221
201804012300050215;2018;1756
200807012500020194;2008;1756
196614011700050135;1966;2249
197411012300010224;1974;1756
196413012500030053;1964;1756
199706034500010144;1997;1783
199706034500020143;1997;1783
201804011900080263;2018;2249
201804012300030245;2018;2221
200807012300020346;2008;1756
200807035500030193;2008;1756
199706011800020227;1997;2249
196413011800020081;1964;2249
196614011600050132;1966;2249
197411011900070159;1974;2221
198606011900030237;1986;2221
196817011900060155;1968;2221
196817011900050156;1968;2221
196514012300040110;1965;2221
196614012400060106;1966;2221
196817012500030167;1968;1756
200807011600040224;2008;2249
200807034500010158;2008;1783
197106011800030165;1971;2249
197411011800020180;1974;2249
199706011700020228;1997;2249
196817011700020147;1968;2249
199706011600030223;1997;2249
199706011900070217;1997;2221
196514011900020114;1965;2221
196817012300040161;1968;2221
196614012300010103;1966;2221
196514012500020105;1965;1756
198606012500030197;1986;1756
198606034500020109;1986;1783
201804011900090262;2018;2221
201804012400060246;2018;2221
199706011900080218;1997;2221
196514011900040116;1965;2221
197106012400070134;1971;1756
199706035500030189;1997;1756
201804034500040168;2018;1783
200807011600170222;2008;2249
196307011700020122;1963;2249
196307011900040119;1963;2249
198606012300040190;1986;2221
196413012400010055;1964;1756
200807011600210229;2008;2249
201704011600100037;2017;2249
196614011700020134;1966;2249
197411011600080173;1974;2249
197106012300040138;1971;2221
198606012400050194;1986;1756
196413012300020054;1964;1756
198606012300050196;1986;1756
196307012500010103;1963;1756
201704012000050124;2017;2221
196514011700040122;1965;2249
196413011700030082;1964;2249
196307011700010121;1963;2249
197106011600060173;1971;2249
197106011600050176;1971;2249
200807012500040284;2008;1756
196307011600050120;1963;2249
199706011600010224;1997;2249
198606012000040270;1986;2221
197106012000020146;1971;2221
196514012000050112;1965;2221
199706012000060260;1997;2221
196307012400100113;1963;1756
201704012300030122;2017;2221
197411011700020181;1974;2249
197411011600090179;1974;2249
196413011600030156;1964;2249
198606011600090245;1986;2249
196514012000040111;1965;2221
198606012400020191;1986;2221
197411012500010225;1974;1756
200807012300040283;2008;1756
200807035500010189;2008;1756
201804011900070261;2018;2221
200807035500020192;2008;1756
201704011600130098;2017;2249
201704012000020125;2017;2221
200807011600120230;2008;2249
198606011700020250;1986;2249
199706011600100222;1997;2249
198606011900020243;1986;2249
198606011900070238;1986;2221
199706012300010265;1997;2221
197411012400020226;1974;1756
200807011600140232;2008;2249
200807012000030266;2008;2221
198606011900010242;1986;2249
196614011900060130;1966;2221
196514011900050117;1965;2221
197411011900090161;1974;2221
198606011900090239;1986;2221
196817012000030177;1968;2221
199706012500040192;1997;1756
197106012500030133;1971;1756
201804012000020244;2018;2221
201804012400020248;2018;2221
196614011600060133;1966;2249
198606012400010195;1986;1756
196817012300050168;1968;1756
197106012500040132;1971;1756
197106011800020164;1971;2249
196817011700030148;1968;2249
196817011600070149;1968;2249
199706011600020229;1997;2249
197106011600070166;1971;2249
196413011600040157;1964;2249
199706011900020219;1997;2249
196614012400050102;1966;2221
201804012500020218;2018;1756
200807011600190223;2008;2249
197411011600070174;1974;2249
196817012000040178;1968;2221
198606012000050271;1986;2221
197106012000030145;1971;2221
201704011900080099;2017;2249
201704011600090038;2017;2249
197106011600080175;1971;2249
196817011900070185;1968;2195
199706012400020193;1997;1756
198606012500020199;1986;1756
196614012500040111;1966;1756
200807011600110231;2008;2249
200807011900040264;2008;2221
196817011600080150;1968;2249
199706011900090220;1997;2249
197411012000030212;1974;2221
196614012400040101;1966;2221
199706012300030191;1997;1756
197106012300050130;1971;1756
196307012500020104;1963;1756
196817012500040169;1968;1756
200807011900030265;2008;2221
197411011700040183;1974;2249
196614011900050129;1966;2195
198606011900080240;1986;2221
196614012300040112;1966;1756
196514011700020081;1965;2249
196413011700040083;1964;2249
196514011600050120;1965;2249
197411011600040175;1974;2249
199706011900050221;1997;2249
198606011900060241;1986;2195
196307012400070110;1963;2221
196817012400010175;1968;1756
196413012300060173;1964;1756
197106011700020163;1971;2249
196307011600010080;1963;2249
196514011600060121;1965;2249
197411011600060178;1974;2249
197411011600020176;1974;2249
198606012000030268;1986;2221
196614011700010079;1966;2249
197411011600120182;1974;2249
199706011600050230;1997;2249
196614012000040099;1966;2221
197106012400010139;1971;1756
196514012500010031;1965;1756
200807011600090234;2008;2249
200807012000040267;2008;2221
201704012000030127;2017;2221
200807011600010233;2008;2249
196514011600070082;1965;2249
196413011600020155;1964;2249
196514012000020103;1965;2221
197411012000050209;1974;2221
197411012000040211;1974;2221
196614012200060100;1966;2221
198606012200030272;1986;2221
196413012400060175;1964;2221
196307012400090112;1963;1756
196514012400020033;1965;1756
196413012500040172;1964;1756
197411011700030184;1974;2249
196817012000050179;1968;2221
197106012200010144;1971;2221
196817012200010176;1968;2221
196614012300050113;1966;1756
198606012500040200;1986;1756
201704011800010039;2017;2249
200807012400040282;2008;1756
201804012000050260;2018;2195
196514011700010080;1965;2249
196614011600030085;1966;2249
197411011600050177;1974;2249
199706012000020258;1997;2195
198606012400030192;1986;1756
198606012400060193;1986;1756
197106012400020129;1971;1756
198606035600010201;1986;1756
201704012400020169;2017;1756
201804012000040257;2018;2221
201804011700040318;2018;2249
201804035600030219;2018;1756
199706011700030231;1997;2249
196413011600050158;1964;2249
196817011900090186;1968;2249
197411012000060210;1974;2221
196307012000030098;1963;2221
196307012900150100;1963;2221
197411012400010227;1974;1756
196514012400010032;1965;1756
199706035600010190;1997;1756
201704012000060126;2017;2195
200807011900010263;2008;2195
200807011600080240;2008;2249
198606011700040251;1986;2249
196307011600030082;1963;2249
196413011900060185;1964;2195
196413012000020181;1964;2195
196307012100020099;1963;2221
200807012100020268;2008;2221
201804012000010259;2018;2195
201704012500040175;2017;1756
200807011700030241;2008;2249
196614011800020078;1966;2249
197106011700030162;1971;2249
198606011600030244;1986;2249
196514012000030104;1965;2195
197106012000040147;1971;2195
196413012200040177;1964;2221
196413012400050174;1964;1756
197411012400060229;1974;1756
199706035800010283;1997;1756
197106011600110174;1971;2249
196614011600040086;1966;2249
197106011900090153;1971;2195
196817011900080184;1968;2195
196413012100030178;1964;2195
196817012100010180;1968;2195
196614012400020002;1966;1756
201804011600100317;2018;2249
200807011600030235;2008;2249
201704011600010040;2017;2249
197411011900080203;1974;2195
199706012000010249;1997;2195
198606012000020267;1986;2195
197106012000050148;1971;2195
196307012100060097;1963;2195
196307012400080111;1963;1756
196307012300010105;1963;1756
201804012100010258;2018;2195
196817011800020208;1968;2249
196413011600060159;1964;2249
198606012100010266;1986;2195
199706012900070259;1997;2195
196307012400010101;1963;2221
196817012400020174;1968;1756
196307012400060109;1963;1756
198606035900010277;1986;1756
201804035900020273;2018;1756
201804035900010301;2018;1756
199706011600040241;1997;2249
199706011900010242;1997;2249
196413012100040180;1964;2195
197411012100010208;1974;2195
197411012800040228;1974;1756
200807011600180239;2008;2249
201704011700010041;2017;2249
200807011600130236;2008;2249
197106011600090160;1971;2249
196413012000050184;1964;2195
196614012000030095;1966;2195
197106012100010149;1971;2195
196514012400030035;1965;1756
196514012800040034;1965;1756
196614012400010001;1966;1756
199706035900010284;1997;1756
200807012000010259;2008;2195
200807011700020243;2008;2249
201804011600130316;2018;2249
200807011900090261;2008;2195
200807035600010190;2008;1756
197411011800010185;1974;2249
198606011700030252;1986;2249
196614011600020084;1966;2249
196307012200020096;1963;2195
196413012200010179;1964;2195
196413012900080176;1964;2195
196514012400040036;1965;1756
196514012300010030;1965;1756
201804036000030302;2018;1756
200807036000020285;2008;1756
200807035800010287;2008;1756
201704036000020070;2017;1756
200807035900010286;2008;1756
198606011800010253;1986;2249
196817012100020181;1968;2195
196614012100050098;1966;2195
198606012400040273;1986;1756
196817012400030171;1968;1756
199706036000010285;1997;1756
198606036000010278;1986;1756
201804036000010272;2018;1756
201704035900030072;2017;1756
200807011900020262;2008;2195
201804011600120315;2018;2249
201804036000020228;2018;1756
196514011800010079;1965;2249
197106011700040161;1971;2249
196614012000020094;1966;2195
197106012000060152;1971;2195
196307012100050093;1963;2195
199706012100030257;1997;2195
196514012400050037;1965;2195
197411012400050231;1974;1756
196307012400030106;1963;1756
201704012400040168;2017;1756
201804035600010220;2018;1756
201804011600140313;2018;2249
201804012400010256;2018;2195
201804012400050253;2018;1756
200807012400010270;2008;1756
196413012000040183;1964;2195
196307012000010092;1963;2195
199706012300020282;1997;1756
201804012400080255;2018;2195
200807012300030191;2008;1756
201704036000010071;2017;1756
201704011800020042;2017;2222
200807011800010242;2008;2249
197411011600110186;1974;2249
196307011600040083;1963;2249
199706012000040250;1997;2195
199706012200010256;1997;2195
197106012400030140;1971;1756
199706012800070338;1997;1756
196817012400040170;1968;1756
201704012100040128;2017;2195
201804011600090314;2018;2249
199706011700010232;1997;2222
196614011600010080;1966;2249
196307011600020081;1963;2249
196413012400040171;1964;1756
196413012800020092;1964;1756
201804035600020221;2018;1756
201804011600080312;2018;2249
200807012100040258;2008;2195
200807036000010288;2008;1756
201704012500020173;2017;1756
196614011800010077;1966;2222
196817011800030207;1968;2222
197411011600100187;1974;2249
199706011600070243;1997;2195
196413012000030182;1964;2195
196614012200050097;1966;2195
196614012800010003;1966;1756
199706012800020339;1997;1756
201704036000030073;2017;1756
201804011800040320;2018;2222
196514011600020088;1965;2249
198606011600060258;1986;2249
199706012100020253;1997;2195
198606012200010265;1986;2195
199706012900010255;1997;2195
196307012400020102;1963;2195
200807036100020289;2008;1756
196514011800020083;1965;2222
198606011800030254;1986;2222
196817011700040206;1968;2222
196413011600070160;1964;2249
196514011600010087;1965;2249
198606012000010262;1986;2195
196514012100050102;1965;2195
197106012200020150;1971;2195
196307012900140095;1963;2195
197411012900020207;1974;2195
197106012400040141;1971;1756
198606036000020280;1986;1756
201804012000060306;2018;2195
200807011600200237;2008;2249
200807012200030257;2008;2195
200807012400050281;2008;1756
200807012900050269;2008;2195
196413012000010164;1964;2195
196514012200060101;1965;2195
196413012900070170;1964;2195
196514012900010038;1965;2195
196413012300050091;1964;1756
200807012000060260;2008;2195
201804036100010227;2018;1756
201704011600120061;2017;2195
196413011700050154;1964;2222
197106011600100157;1971;2249
196614012000010091;1966;2195
199706012000030247;1997;2195
196817012000060183;1968;2195
199706012200040254;1997;2195
198606036100020279;1986;1756
201804012600030222;2018;1756
201704011600020059;2017;2249
200807011600160238;2008;2249
200807012400020271;2008;2195
197106012100040159;1971;2249
198606011600010256;1986;2249
196514012100010089;1965;2249
198606011600080259;1986;2195
197411012100040204;1974;2195
196413012200030169;1964;2195
196817012200020182;1968;2195
199706012400050266;1997;2195
196614012800020005;1966;2195
196614012400030004;1966;1756
196307012400050108;1963;1756
196817012700010240;1968;1756
199706012400010281;1997;1756
199706036100020286;1997;1756
198606036100010281;1986;1756
199706036100030288;1997;1756
201704012900040047;2017;2222
201704012100020129;2017;2195
196614012900040076;1966;2222
196614012100010083;1966;2249
196817012100040195;1968;2249
196614012100020087;1966;2249
196307012000020085;1963;2195
196514012000010096;1965;2195
196307012100030087;1963;2195
198606012100040263;1986;2195
197106012200030151;1971;2195
197411012200010206;1974;2195
197106012400050142;1971;2195
201704036100020076;2017;1756
201704035600030069;2017;1756
200807036100010292;2008;1756
201704012700030172;2017;1756
201804012200010303;2018;2195
201704012200020051;2017;2222
201804012100020304;2018;2195
200807012100010247;2008;2195
196817012900010205;1968;2222
196413012100010162;1964;2195
196413012100020163;1964;2195
197411012100030189;1974;2195
196817012100030187;1968;2195
196307012100040088;1963;2195
196307012200010089;1963;2195
198606012200040264;1986;2195
196307012900120091;1963;2195
196514012900070100;1965;2195
196307012400040107;1963;1756
199706012800040280;1997;1756
196307012600010001;1963;1756
197106012600010203;1971;1756
201804036100030224;2018;1756
201704036100030074;2017;1756
200807012200010244;2008;2222
200807012400060272;2008;2195
201704012400010167;2017;1756
197106012100030156;1971;2195
196514012100030092;1965;2195
196614012100040092;1966;2195
196514012100040095;1965;2195
197106012100020154;1971;2195
197411012200020205;1974;2195
196614012200040096;1966;2195
196817012400050172;1968;1756
201804036100020223;2018;1756
201804012100060311;2018;2249
201704012900070063;2017;2195
201804012200020305;2018;2195
201704012100030052;2017;2222
201804012800020252;2018;1756
198606012100030255;1986;2222
199706012100010239;1997;2222
197411012100020188;1974;2249
196514012100020091;1965;2195
196307012100010084;1963;2195
196614012100030090;1966;2195
196614012200030093;1966;2195
196514012200030097;1965;2195
196514012200040098;1965;2195
196817012400060173;1968;1756
197106012800010208;1971;1756
197106012800020207;1971;1756
199706036000020289;1997;1756
201804012600050225;2018;1756
200807012100030246;2008;2249
201704036100010067;2017;1756
200807012200040256;2008;2195
201704012700020068;2017;1756
200807012200020245;2008;2222
196307013100080078;1963;2222
196413012900050153;1964;2222
196614012200010082;1966;2222
196817012200030194;1968;2249
199706012100040244;1997;2195
198606012100020261;1986;2195
196413012200020168;1964;2195
196307012900130094;1963;2195
196413012400020093;1964;1756
198606012600010284;1986;1756
201704012200030053;2017;2222
201704012200010130;2017;2195
201804012600040226;2018;1756
197106012900010226;1971;2222
196614012900050081;1966;2222
196514012900060085;1965;2222
196413012900060161;1964;2222
197106012900020225;1971;2222
196514012200010086;1965;2222
196614012200020088;1966;2195
196514012200020094;1965;2195
196307012600020002;1963;1756
201804012400090251;2018;1756
200807012700020293;2008;1756
197411014900010266;1974;2222
198606012900010257;1986;2222
199706012200020245;1997;2195
197106012200040155;1971;2195
196413012200050165;1964;2195
197411012200030202;1974;2195
196514012200050099;1965;2195
199706012400030267;1997;2195
196413012700030090;1964;1756
196817012700020239;1968;1756
201804012200030307;2018;2195
196614013100060075;1966;2222
196514012900050084;1965;2222
197411012200040190;1974;2195
198606012200020260;1986;2195
196817012200040188;1968;2195
199706012200030251;1997;2195
196413012400030131;1964;2195
196817012800010241;1968;1756
197106012700010206;1971;1756
197106012600020205;1971;1756
199706012600040291;1997;1756
199706036600020290;1997;1756
201704012200040132;2017;2195
201704012600030075;2017;1756
196817012900030196;1968;2222
196307012900110090;1963;2195
197106012400060143;1971;2195
199706012400060279;1997;1756
197411012800010242;1974;1756
197411012600010252;1974;1756
201704012400080166;2017;2195
201704012900080055;2017;2222
200807012900040273;2008;2195
201804036500060300;2018;1756
196307013100070077;1963;2222
199706012900020233;1997;2222
196817012900040193;1968;2195
196307012800030021;1963;1756
199706012700030294;1997;1756
198606036600020282;1986;1756
201804036500070298;2018;1756
201804036600020299;2018;1756
196817013100010209;1968;2222
197106012900030227;1971;2222
196817012900020204;1968;2222
198606012900030304;1986;2195
197411012900070191;1974;2195
199706012900050252;1997;2195
196614012800030006;1966;2195
197106012800030209;1971;1756
198606012700020285;1986;1756
197106012600030204;1971;1756
198606012600020364;1986;1756
201804012900060308;2018;2222
196307012900100070;1963;2222
196307012900090068;1963;2222
196514012800020028;1965;1756
196514012600010001;1965;1756
196307012600050005;1963;1756
200807012400030274;2008;2195
201804012900100321;2018;2222
200807012600050333;2008;1756
196307013000010086;1963;2195
196307012800050023;1963;2195
196817012800020242;1968;1756
196307012800020020;1963;1756
201704012900030048;2017;2222
201704012400030165;2017;2195
196614013000020089;1966;2195
197411012800020241;1974;1756
196514012800030029;1965;1756
196307012600030003;1963;1756
196307012600040004;1963;1756
196413012600030086;1964;1756
201704012900020064;2017;2195
201804012400040254;2018;1756
200807012600010332;2008;1756
196817013100020210;1968;2222
197106012900040219;1971;2195
197106012800040210;1971;1756
198606012800020289;1986;1756
200807012800020280;2008;1756
201704013000010133;2017;2195
196817014100010211;1968;2222
198606013100050309;1986;2222
198606013000010305;1986;2222
196817013000010192;1968;2195
196307012900030036;1963;2195
196307012900020035;1963;2195
196514012800050039;1965;1756
196514012600020002;1965;1756
196307012600060006;1963;1756
201804012800030250;2018;1756
201704012900090135;2017;2195
201704013000020056;2017;2222
200807036600010335;2008;1756
197106013100010229;1971;2222
199706013000020237;1997;2222
196514013000020093;1965;2195
196817012900050251;1968;2195
199706012800060293;1997;1756
196817012600020234;1968;1756
197411012600020251;1974;1756
197106012600040320;1971;1756
196413012600010084;1964;1756
201704012800060066;2017;1756
200807036400010290;2008;1756
200807013000030248;2008;2195
200807012600020334;2008;1756
198606013100040308;1986;2222
198606012900020307;1986;2222
197106013000020222;1971;2195
197106013000010221;1971;2195
196413013000010166;1964;2195
196817012800030243;1968;1756
199706012800050295;1997;1756
198606012800070286;1986;1756
199706012700040292;1997;1756
201804036600030296;2018;1756
201804012800010270;2018;1756
201704013000030057;2017;2195
197106014900010232;1971;2222
196413013100050152;1964;2222
196817013200010203;1968;2222
196514013100030070;1965;2222
198606012900040306;1986;2222
197411012900010193;1974;2222
199706013000010238;1997;2222
197106013000030224;1971;2222
197411013000030192;1974;2222
197106012900050218;1971;2195
199706012800010278;1997;2195
196514012800060040;1965;2195
197411012800060233;1974;2195
196413012600020085;1964;1756
201704012900050050;2017;2222
201804012900110323;2018;2222
200807012800030277;2008;2195
196307013200030071;1963;2222
196514013000010090;1965;2195
196514013000038093;1965;2195
198606013000030302;1986;2195
196413012900020132;1964;2195
197411012800030240;1974;1756
196413012700010087;1964;1756
197411012600050249;1974;1756
196614012600020011;1966;1756
201704012600010117;2017;1756
196514013100020069;1965;2222
196817012900060197;1968;2222
196817013000030191;1968;2195
197411013000020195;1974;2195
199706012400040277;1997;2195
196307012800040022;1963;1756
196413012800010089;1964;1756
196614012800040008;1966;1756
196817012600030238;1968;1756
198606036600010283;1986;1756
199706036600010336;1997;1756
201804012900040324;2018;2222
200807013000020253;2008;2195
197411014100110267;1974;2222
197106013200010228;1971;2222
199706012900080234;1997;2222
196307012900070063;1963;2222
196817013000020189;1968;2195
197411012600040250;1974;1756
196307012600070007;1963;1756
201804036500010295;2018;1729
200807012800050279;2008;1756
200807012800040278;2008;1756
196817014900010212;1968;2250
197411014100130269;1974;2222
199706036500010334;1997;1729
198606013100010310;1986;2222
197106013100020230;1971;2222
196307013100050069;1963;2222
196307012900080067;1963;2222
198606013000020303;1986;2195
199706013000030236;1997;2195
197411012800070234;1974;2195
196413012800030094;1964;1756
196413012700020088;1964;1756
200807013000010251;2008;2195
201804012900070276;2018;2195
200807012900070255;2008;2195
197006014900020224;1970;2250
196614013200030066;1966;2222
196614013000010058;1966;2195
199706012900030268;1997;2195
196817012800040244;1968;1756
196514012800010027;1965;1756
196614012600010010;1966;1756
199706012600010333;1997;1756
198606012600040362;1986;1756
201804036600010294;2018;1729
197208014900030228;1972;2250
198606013100060312;1986;2222
196307012900050059;1963;2195
199706012900060276;1997;2195
197106012700020317;1971;1756
198606012700040287;1986;1756
198606012600050361;1986;1756
201804012800070274;2018;2195
201704012600040115;2017;1756
200807012900030254;2008;2195
201804012900050277;2018;2195
201804012800050275;2018;2195
197106014900020233;1971;2250
197712014900020300;1977;2250
196413013000020167;1964;2195
197411012900050198;1974;2195
197106014100070231;1971;2222
198606013100020315;1986;2222
196413013100030147;1964;2222
197411013000010196;1974;2195
197106012900060220;1971;2195
197411012900030200;1974;2195
196307012900010034;1963;2195
196514012900020041;1965;2195
198606012800040295;1986;2195
197106012800060213;1971;2195
198606012800060290;1986;1756
196514012700010003;1965;1756
201704012800030164;2017;2195
200807012900010275;2008;2195
197712014900010301;1977;2250
197208014100110227;1972;2250
196307013200040072;1963;2222
197411013200040263;1974;2222
197411013200050262;1974;2222
196514012900040064;1965;2222
197411012900040199;1974;2195
197411012900080201;1974;2195
198606012900050296;1986;2195
197411012800050239;1974;1756
196307012800010019;1963;1756
197106012800050316;1971;1756
196514012700020004;1965;1756
199706012600020332;1997;1756
198606012600030360;1986;1756
200807012800070294;2008;1756
200807012600040331;2008;1756
201704012600060118;2017;1756
200807012900080252;2008;2195
197411014100120270;1974;2250
197411014100140268;1974;2222
196817013200020201;1968;2222
199706012900040235;1997;2222
196614012600030012;1966;1756
197411014900020271;1974;2250
197208014100120229;1972;2250
196817013200030202;1968;2222
196514013200050068;1965;2222
198606013200020314;1986;2222
197106013200020271;1971;2222
196307013200020066;1963;2222
196307013100040064;1963;2222
196307012900060060;1963;2222
196817012800050245;1968;1756
198606012800050288;1986;1756
196614012700010009;1966;1756
196817012600040237;1968;1756
201704012800080119;2017;1756
197512014900030363;1975;2250
196614013200040067;1966;2222
196413013200050151;1964;2222
197411012900060197;1974;2195
196514012900030042;1965;2195
196413012800040095;1964;1756
196817012800060275;1968;1756
196514012600040006;1965;1756
201704012900060148;2017;2195
200807012800060276;2008;2195
197106013700010211;1971;2195
196817012600010235;1968;1756
197411012600030248;1974;1756
196911014100020197;1969;2250
197106014100090234;1971;2250
198606013200010313;1986;2222
196413013200020146;1964;2222
196307013100030062;1963;2222
196413013100020144;1964;2222
198606012900070298;1986;2195
196307012800060024;1963;2195
197106013700020212;1971;2195
197411013700020235;1974;2195
196614012600040013;1966;1756
200807012900020250;2008;2195
196413013200030148;1964;2222
196514013200040067;1965;2222
196817013200040200;1968;2222
196413012900030133;1964;2195
198606012900060297;1986;2195
196614013700010007;1966;1756
196514012600030005;1965;1756
201704012600050114;2017;1756
201704012900010147;2017;2195
197106014100080235;1971;2250
196614013200020065;1966;2222
198606013200040316;1986;2222
196817013200050199;1968;2222
197106013200050273;1971;2222
197106012900070217;1971;2195
196413012900040134;1964;2195
196614012900010055;1966;2195
196413012900010130;1964;2195
196514013700030024;1965;1756
201804012900010278;2018;2195
196307013200060076;1963;2222
196514014100050071;1965;2222
198606013200050311;1986;2222
196413013200040150;1964;2222
196614013200050068;1966;2222
197411013200030260;1974;2222
196307013200010065;1963;2222
197106013200040272;1971;2222
196413013200010145;1964;2222
197411013100030257;1974;2222
196614013100010059;1966;2222
196817012900070190;1968;2195
197106012600050319;1971;1756
196413012600040097;1964;1756
199706012600050331;1997;1756
200807012900060249;2008;2222
197208014100130230;1972;2250
197106013200030269;1971;2222
196514013200020063;1965;2222
196514013200010062;1965;2222
196817012900080252;1968;2195
196817012800070250;1968;2195
196817013700020247;1968;2195
198606013700040291;1986;1702
196817013700010246;1968;1702
199706013700010296;1997;1756
197411012700020243;1974;1756
201804036400020293;2018;1729
197411013100050265;1974;2222
196307013200050075;1963;2222
196514013200030066;1965;2222
198606012900080301;1986;2195
196307012900040037;1963;2195
196614012900020056;1966;2195
197411013700030236;1974;2195
196307013700030018;1963;1702
200807036600020330;2008;1729
197006014900030227;1970;2250
196614013200010064;1966;2222
198606013200030317;1986;2222
196307013100010058;1963;2222
197106012700030318;1971;1756
197411012700010247;1974;1756
200807012800010336;2008;1756
200807013700010295;2008;1702
196514014100010072;1965;2222
197106012900080214;1971;2195
201804012700040284;2018;1756
201804012800040283;2018;1756
201804036400010292;2018;1729
197308014900030264;1973;2250
197308014100130265;1973;2250
197006014100070222;1970;2250
197106013100040268;1971;2222
197411013200020259;1974;2222
197411013200010258;1974;2222
197106013100030274;1971;2222
197106013600010275;1971;2222
196413013600070135;1964;2195
196307014000010008;1963;1729
198606036500010359;1986;1729
201804012600060291;2018;1756
197512014900010364;1975;2250
197712014100150302;1977;2250
196307013100020061;1963;2222
196307013700040025;1963;2195
197106012800070315;1971;1756
196413012800050096;1964;1756
196514014000010007;1965;1729
196413014000010098;1964;1729
201804012600020290;2018;1756
197512014900020365;1975;2250
197006014100090225;1970;2250
197208014100140231;1972;2250
196307013100060073;1963;2222
196413013100040149;1964;2222
196413013100010143;1964;2222
196817013100030198;1968;2222
197411013600010255;1974;2195
198606013700010294;1986;2195
196307014000020009;1963;1729
201704013600090146;2017;2195
197712014900030309;1977;2250
197106014900030240;1971;2250
197411014900030272;1974;2250
197712014100120303;1977;2250
196721014100050260;1967;2250
199706013600040270;1997;2195
199706013600050269;1997;2195
199706013700020297;1997;1702
196817012700030236;1968;1756
200807013600040302;2008;2195
197512014100090391;1975;2250
196307014000030010;1963;1729
200807012700010337;2008;1756
201804012800060285;2018;1756
201804013700050282;2018;1702
197208014100150255;1972;2250
197712014100140304;1977;2250
198606013600030299;1986;2195
197106013600020215;1971;2195
196307013600010033;1963;2195
196307013700020017;1963;1702
199706014000030330;1997;1729
201804013700010281;2018;1702
196911014100030201;1969;2250
196911014100040199;1969;2250
196514013100040074;1965;2222
196614013100050063;1966;2222
197106013600030216;1971;2195
196413013600080136;1964;2195
197411013700040237;1974;2195
196614013700030021;1966;1702
196614014000010014;1966;1729
200807036500010329;2008;1729
200807014000020328;2008;1729
196721014100040259;1967;2250
196817014100020213;1968;2250
196514014100020073;1965;2222
198606013100030318;1986;2222
196514013700020023;1965;2195
198606013700020293;1986;1702
197411012700040244;1974;1702
201804012700030286;2018;1702
201804012700020287;2018;1702
197512014100130366;1975;2250
197712014100170307;1977;2250
197411014200040295;1974;2250
197308014200030247;1973;2250
197411013600070256;1974;2195
196413013600060129;1964;2195
199706012700020328;1997;1702
198606014000030358;1986;1729
201704012800040106;2017;1702
197006014100100226;1970;2250
197308014200040248;1973;2250
197106014100010236;1971;2222
196614014100010069;1966;2222
197106013100050267;1971;2222
197411013100060302;1974;2222
196817013400010255;1968;2222
198606013600020300;1986;2195
196817013600010253;1968;2195
199706013700030302;1997;2195
196514013700040025;1965;1702
198606013700050292;1986;1702
197411013700060238;1974;1702
196614012800060020;1966;1702
198606012800030354;1986;1702
201704013600080145;2017;2195
201704014000030113;2017;1729
201804012700010289;2018;1729
197208014100160254;1972;2250
198606013100070319;1986;2222
196614013100020060;1966;2222
196307013600080056;1963;2222
196817013600020254;1968;2195
196307013700010016;1963;1702
200807013600030304;2008;2222
196514014100040078;1965;2250
197106014200040237;1971;2250
197512014200030390;1975;2250
197712014200040330;1977;2250
197411013100020308;1974;2222
198606013600010338;1986;2195
196514013700050026;1965;1702
196817013700030274;1968;1702
199706012800030327;1997;1702
201804013700030280;2018;1702
201704012700050112;2017;1729
197106014100100239;1971;2250
196307013100090074;1963;2222
196514013100050075;1965;2222
196817013100050221;1968;2222
196614013100040062;1966;2222
196614013100030061;1966;2222
197411013100010310;1974;2222
198606012700030356;1986;1702
199706012700010329;1997;1729
201804013600110279;2018;2195
201704013700050105;2017;1702
197308014100150263;1973;2250
197208014200040257;1972;2250
197512014200040389;1975;2250
197411013100070305;1974;2222
196307013600090057;1963;2222
196307013600020038;1963;2195
198606012800010355;1986;1702
196614012700030017;1966;1702
197411012700030246;1974;1702
201704013600020149;2017;2195
200807013600050301;2008;2195
197712014100180308;1977;2250
197411014200050273;1974;2250
196911014200010198;1969;2250
196817013100040223;1968;2222
197411013700050254;1974;1702
196614012800050018;1966;1702
196514012700030008;1965;1702
196307012700010011;1963;1729
200807013700030296;2008;1702
197208014100170253;1972;2250
196911014200020200;1969;2250
197308014100120262;1973;2250
196721014200040258;1967;2250
197411014200030296;1974;2250
197411012800080245;1974;1702
200807012700030327;2008;1729
197106014100170241;1971;2250
197006014200060248;1970;2250
197106013100060266;1971;2222
196817013100060222;1968;2222
199706013400040271;1997;2222
196817013700040248;1968;1702
196307013700050026;1963;1702
196817012700040273;1968;1702
196817014100030214;1968;2250
197411014100050294;1974;2250
197106014200030238;1971;2250
197308014100010249;1973;2250
196514013400020061;1965;2222
196514013700010022;1965;1702
199706013700040298;1997;1702
196614013700020019;1966;1702
201804013700060325;2018;1702
200807012600030338;2008;1702
201704013400030151;2017;2222
197006014200050247;1970;2250
197712014200030329;1977;2250
197106013400010277;1971;2222
196817013400020256;1968;2222
196514013600020043;1965;2195
197106013700030307;1971;1702
196413013700030106;1964;1702
198606014000010357;1986;1729
201704013700030102;2017;1702
200807012700040339;2008;1702
197006014100120228;1970;2250
197512014200060371;1975;2250
197411013100040306;1974;2222
196413013400060142;1964;2222
197106013600090303;1971;2195
197106013700040308;1971;1702
196614013700040022;1966;1702
197106013700060314;1971;1702
196614014000020015;1966;1729
201704013400050152;2017;2222
201804012700050288;2018;1729
197208014100020232;1972;2250
197411014100020297;1974;2250
198606013600070337;1986;2195
196514012700040009;1965;1729
201704012600020111;2017;1702
201704013700010163;2017;1702
201704013400040150;2017;1675
197712014100010328;1977;2250
197308014100020250;1973;2250
196817014100040220;1968;2250
196614013600060054;1966;1675
196307013600030039;1963;2195
198606013600050339;1986;2195
196413013700040107;1964;1702
196614012700020016;1966;1729
197512054800010367;1975;2250
197411014100170274;1974;2250
197106014200050242;1971;2250
197006014200030229;1970;2250
197208014100030256;1972;2250
196721014100020253;1967;2250
197512014100020388;1975;2250
197106014100020265;1971;2250
197106013400020278;1971;2222
199706013400010272;1997;2222
197411013400050311;1974;2222
199706013600010275;1997;1675
196911014100050202;1969;2250
197712014200050305;1977;2250
196817014200020215;1968;2250
198606013600060335;1986;1675
196413013600050128;1964;1675
196817013600030233;1968;2195
196817013700050249;1968;1702
199706012600030326;1997;1702
200807013600070303;2008;1675
201704013700040107;2017;1702
196817013300010224;1968;2222
198606013400020334;1986;1675
197106013600040304;1971;2195
200807013700060345;2008;1702
197208054800040252;1972;2250
197512014200050370;1975;2250
196721014200030256;1967;2250
197712014100030327;1977;2250
196413013300040141;1964;2222
197106012700040313;1971;1702
200807013700050297;2008;1702
196614014200020074;1966;2250
197308014200050261;1973;2250
196614014100020070;1966;2250
197411013400040312;1974;2222
196413012700040099;1964;1702
197411014000030357;1974;1702
201704014000010110;2017;1702
201704013600040144;2017;2195
197712014200060306;1977;2250
197006014100050246;1970;2250
196614013400050052;1966;2222
197411013600040322;1974;1675
196413013600010109;1964;1702
196413013700050108;1964;1702
198606013700030340;1986;1702
196614013700050031;1966;1702
197411013700010253;1974;1702
198606012700010353;1986;1702
200807013300040305;2008;2222
200807013700040342;2008;1702
197411014100180275;1974;2250
197106014200060243;1971;2250
197006014200040230;1970;2250
197208014200050233;1972;2250
197006014100030249;1970;2250
196307013600070054;1963;1675
196817013600040257;1968;1675
197106013700050306;1971;1702
196413013700020105;1964;1702
196413013700010102;1964;1702
196614012700040023;1966;1702
196307012700020013;1963;1702
201704013700020162;2017;1702
197712014100100310;1977;2250
197106014100110244;1971;2250
197208014200060251;1972;2250
197106014100030247;1971;2250
197512014100040383;1975;2250
196514014100030076;1965;2250
197411014100010301;1974;2222
199706013600020303;1997;1675
197512054800020368;1975;2250
196514014200010077;1965;2250
196911014100060204;1969;2250
198606013300010320;1986;2222
199706013700050299;1997;1702
196307013800020015;1963;1702
196413014000020100;1964;1702
200807013800040343;2008;1702
201804013800010328;2018;1702
197006054800020234;1970;2250
197411014200060276;1974;2250
197308014100030252;1973;2250
197106014100040264;1971;2250
196721014100010252;1967;2250
198606013600080336;1986;1675
196614013600050053;1966;1675
196514014000020010;1965;1702
200807013600010300;2008;1675
197106014100120245;1971;2250
196911014200030203;1969;2250
197308014200060260;1973;2250
196721014100030257;1967;2250
196817014200030219;1968;2250
197006014200010245;1970;2250
199706013800030325;1997;1702
196817014000010272;1968;1702
201804014000020334;2018;1702
197006054400010233;1970;2250
197512014100110369;1975;2250
197512014100050382;1975;2250
197411014100060293;1974;2250
197308014200010251;1973;2250
197208014200010234;1972;2250
197411014100070300;1974;2196
196413013600040127;1964;1675
197106013800010305;1971;1702
196413013800030104;1964;1702
196307013800030027;1963;1702
201804013800080333;2018;1702
201704013600050153;2017;1675
196614014100040073;1966;2250
196721014200020255;1967;2250
197712014100020323;1977;2250
196614014200010071;1966;2250
197411014100030299;1974;2250
197006014100040250;1970;2250
197411013400030313;1974;1675
196307013400050055;1963;1675
197411013600090320;1974;1675
197411013600080321;1974;1675
196514013600010017;1965;1675
197411014000020355;1974;1702
201804013800040327;2018;1702
200807013300030306;2008;2222
200807013800020298;2008;1675
197411014100160277;1974;2250
197106014100050248;1971;2250
197712014200020325;1977;2250
199706013300010273;1997;2222
199706013800010301;1997;1702
196413013800020103;1964;1702
196514013800050021;1965;1702
196307013800010014;1963;1702
200807013800030340;2008;1702
197006054800010235;1970;2250
197512014200010386;1975;2250
197411014100040298;1974;2250
197208014100040235;1972;2250
196413013400050140;1964;1675
197106013600070280;1971;1675
197411013600020323;1974;1675
196817013600050232;1968;1675
196413013800040110;1964;1702
196614013800050032;1966;1702
197411013800010352;1974;1702
196413013800010101;1964;1702
197308014100140259;1973;2250
197712014200010324;1977;2250
197208014200020237;1972;2250
197106013300010279;1971;2222
196614013400040051;1966;1675
198606013800010351;1986;1702
200807013800050341;2008;1702
197512014200020384;1975;2250
197512014100030387;1975;2196
197106013600050302;1971;1675
196307013600040040;1963;1675
196614013800040030;1966;1702
200807013400020307;2008;1675
197006054400020236;1970;2250
197512014100120372;1975;2250
197106014100130246;1971;2250
197208014100180250;1972;2250
197712014100160321;1977;2250
197512014100150381;1975;2250
197411014200010292;1974;2250
197106014200010263;1971;2250
196911014200040205;1969;2250
196514013400050060;1965;1675
198606013400030333;1986;1675
196817013800010269;1968;1702
201704013800050108;2017;1702
197006014100140232;1970;2250
196817014100050216;1968;2250
197308014100080258;1973;2250
197712014100060322;1977;2250
197106013600060300;1971;1675
198606013800050341;1986;1702
196721014200010254;1967;2250
197411014200020290;1974;2250
197712014100040326;1977;2250
197411013600030324;1974;1675
198606013800030342;1986;1702
196514013800020018;1965;1702
196413013800050111;1964;1702
196514013800040020;1965;1702
198606014000020352;1986;1702
200807014000010326;2008;1702
201804013800060332;2018;1702
197208014100090249;1972;2250
197411014100150278;1974;2250
197006014100130231;1970;2250
197006014200020244;1970;2250
197106014200020262;1971;2250
196307013300040049;1963;1675
196514013600030044;1965;1675
199706013800040300;1997;1702
199706013800050324;1997;1702
197411014000010354;1974;1702
200807013600080308;2008;1675
197208054400020248;1972;2250
196817014200010218;1968;2250
197512014100010385;1975;2250
197308014100050254;1973;2196
197411013300030314;1974;2222
199706013600030304;1997;1675
196614013800030029;1966;1702
197308014200020255;1973;2250
196817013300020225;1968;1675
196307013400030050;1963;1675
196614013400030050;1966;1675
196307013800060031;1963;1702
197411013800020351;1974;1702
196817013800020270;1968;1702
201804014000010329;2018;1702
196817014100060217;1968;2250
197208014100050238;1972;2250
199706013600060305;1997;1675
196514013800030019;1965;1702
197308014100060257;1973;2250
196514013600040045;1965;1675
197411013800040345;1974;1702
196514014000030011;1965;1702
196614014000030024;1966;1702
197712014100110320;1977;2250
197411013400060319;1974;1675
196817013600060231;1968;1675
197106013600080301;1971;1675
196413013600020112;1964;1675
197106013800020311;1971;1702
201704013600120141;2017;1675
197106013300020284;1971;1675
199706013300020274;1997;1675
197106013400030283;1971;1675
196614013400020049;1966;1675
196614013800020028;1966;1702
197106013800030309;1971;1702
200807013600060299;2008;1675
197208054400030247;1972;2250
197106014100140249;1971;2250
197411013600050325;1974;1675
196307013800040028;1963;1702
201704013800060143;2017;1675
197512054400010373;1975;2250
197712014100090313;1977;2250
197208014100100241;1972;2250
197411014100090280;1974;2250
197208014100060239;1972;2250
198606013400060332;1986;1675
196413013600030126;1964;1675
196614013600020034;1966;1675
196817014000020271;1968;1702
201704013800030142;2017;1675
197411054400020279;1974;2250
197106014100060261;1971;2250
196514013300030059;1965;1675
196307013400040051;1963;1675
197106013400040281;1971;1675
196307013600060052;1963;1675
196614013600010033;1966;1675
196514013800010016;1965;1675
197106014000020312;1971;1702
200807013400050309;2008;1675
197208014100070240;1972;2250
197006014100110243;1970;2250
199406013300040302;1994;2196
198705013300030285;1987;2196
196514013400040057;1965;1675
196817013400030258;1968;1675
197411013600100326;1974;1675
197106013800040299;1971;1675
199706014000010323;1997;1702
197006054400030237;1970;2223
196413013400040139;1964;1675
196817013600070230;1968;1675
196614013800010026;1966;1702
198606013800040350;1986;1702
200807013800010322;2008;1675
197106014100150250;1971;2250
196514013300020058;1965;1675
196307013300030048;1963;1675
198606013300050322;1986;1675
197106013400050282;1971;1675
198606013400040331;1986;1675
196307013800070041;1963;1675
196514013900020014;1965;1702
197106054400030253;1971;2223
196514013400010046;1965;1675
196817013400040259;1968;1675
197512014100060379;1975;2250
197712014100050319;1977;2196
197411013300020317;1974;1675
196817013800030229;1968;1675
197106013800050298;1971;1675
196817013900010266;1968;1702
196514014000040012;1965;1702
200807014000030325;2008;1702
197006054400040241;1970;2223
197512014100140380;1975;2250
197411013300040316;1974;1675
196307013300020047;1963;1675
196307013800050030;1963;1675
196817013900020267;1968;1702
197106054400010252;1971;2223
197411014100100281;1974;2250
197308014100070256;1973;2250
196614013300040048;1966;1675
196817013600080260;1968;1675
198606013800020343;1986;1675
201804013900060331;2018;1702
197512054400020374;1975;2223
197006014100150242;1970;2250
197712014100070318;1977;2250
197806013300010423;1978;2196
196413013300030138;1964;1675
197106013300030285;1971;1675
197411013300010318;1974;1675
197411013400010327;1974;1675
196514013900010013;1965;1702
196817014000030268;1968;1702
199706014000020322;1997;1702
201704013800070140;2017;1675
199306013300010336;1993;2196
197106014000010310;1971;1702
199706013400020306;1997;1675
201704014000020101;2017;1702
201804013900010330;2018;1702
196614014100030072;1966;2250
198606013900020349;1986;1702
196614013900010027;1966;1702
200807013900030324;2008;1702
200807013300010312;2008;1675
200807013400010310;2008;1675
197208054400050246;1972;2223
197411054400030282;1974;2223
196514013900030015;1965;1702
201704013400010154;2017;1675
197208014100080242;1972;2223
197411013800050338;1974;1675
196817013900030265;1968;1675
200807013400060311;2008;1675
200807013900020323;2008;1675
197106014100160259;1971;2223
197512014100160378;1975;2223
197712014100080317;1977;2223
198007013300030364;1980;2196
197106013400060286;1971;1675
198606013600040344;1986;1675
196307013900010029;1963;1675
198606013300030323;1986;1675
196307013600050043;1963;1675
198606013900010347;1986;1675
197106013900010297;1971;1675
197411054400010283;1974;2223
196514013300010056;1965;1675
197411013400020328;1974;1675
196413013400030125;1964;1675
197411013600060337;1974;1675
197411013900010344;1974;1675
201704013900020161;2017;1675
197411014100080288;1974;2223
197609013300010355;1976;2196
198106013300020397;1981;2196
196614013300030047;1966;1675
199706013900010321;1997;1675
201704013600030138;2017;1675
198007013300020365;1980;2196
196817013300030226;1968;1675
197106013600100291;1971;1675
197106013900020295;1971;1675
198606013900050348;1986;1675
197106054400020254;1971;2223
197208054400060245;1972;2223
197208013300020275;1972;2196
199306013300020335;1993;2196
196307013300010046;1963;1675
196514013600050047;1965;1675
197411013900020343;1974;1675
197106013900030296;1971;1675
201704013800040139;2017;1675
200807013400040313;2008;1675
198405013300010377;1984;2196
199206013300010317;1992;2196
197208013300030274;1972;2196
199706013300040311;1997;1675
198606013400010330;1986;1675
196307013400020045;1963;1675
199706013800020318;1997;1675
196614013900020035;1966;1675
197512054300020377;1975;2223
196413013400010123;1964;1675
196307013400010044;1963;1675
197411013800030339;1974;1675
200610013300020304;2006;2196
200109013300010273;2001;2196
198306013300020434;1983;2196
198705013300020286;1987;2196
199406013300060307;1994;2196
199507013300030283;1995;2196
199706013400060310;1997;1675
197411013900050342;1974;1675
201704013600110137;2017;1675
200807013400030318;2008;1675
197006054300010240;1970;2223
197512054300010376;1975;2223
199706013400030307;1997;1675
199706013900030319;1997;1675
201704013400070155;2017;1675
200807013900010321;2008;1675
197208054300030244;1972;2223
197512013300020405;1975;2196
196614013400010041;1966;1675
200109013300040274;2001;2196
200807013600020319;2008;1675
197006054400050238;1970;2223
196614013300020046;1966;2196
196817013400050261;1968;1675
201704013800080136;2017;1675
196413013400020124;1964;1675
196413013900010113;1964;1675
197411013900040341;1974;1675
197411054300040284;1974;2223
197512054300040375;1975;2223
197712013300030386;1977;2196
199706013400050308;1997;1675
198606013400050329;1986;1675
196614013600040040;1966;1675
196413013800060115;1964;1675
196307013900020042;1963;1675
196817013300040227;1968;2196
200005013300030276;2000;2196
197411054300030286;1974;2223
197106013300040287;1971;2196
199706013510020309;1997;1675
199706013600070315;1997;1675
196413013900020114;1964;1675
200807013300020314;2008;1675
200807013510020315;2008;1675
197106054300010258;1971;2223
197411054300010287;1974;2223
196413013300020122;1964;2196
197512013300030406;1975;2196
199604013300030279;1996;2196
196514013400030050;1965;1675
196614013600030039;1966;1675
201704013900010160;2017;1675
197411054300020285;1974;2223
197006013300040273;1970;2196
197208013300040273;1972;2196
196911013300010223;1969;2196
197910013300040490;1979;2196
197106054300020255;1971;2223
199004013300030302;1990;2196
196614013300010045;1966;2196
199706013300030312;1997;1675
198606013900040345;1986;1675
200807013900050320;2008;1675
197712013300010387;1977;2196
197806013300020425;1978;2196
198106013300040395;1981;2196
198508013300040344;1985;2196
197411013500030329;1974;1675
198606013900030346;1986;1675
198606013300020324;1986;2196
196514013300040055;1965;2196
198606013500010328;1986;1675
199706013900040316;1997;1675
199706013900020317;1997;1675
197411013900030340;1974;1675
201704013510020156;2017;1675
197006054300020239;1970;2223
198904013300040310;1989;2196
196413013300010121;1964;2196
196817013500010262;1968;1675
196514013800060049;1965;1675
200610013300040305;2006;2196
199908013300010274;1999;2196
197208054300040243;1972;2196
196514013800070048;1965;1675
197106013900040292;1971;1675
197106054300030257;1971;2223
198007013300010366;1980;2196
197106013500020290;1971;1675
197106013900050293;1971;1675
199004013510030304;1990;2196
197411013500020330;1974;1675
199706013600080314;1997;1675
196817013800040264;1968;1675
201604013510020396;2016;2196
201004013510030328;2010;2196
201504013510040336;2015;2196
201704013900040159;2017;1675
197106054300040256;1971;2223
197411013500050331;1974;1675
196817013600090263;1968;1675
201604013510030397;2016;2196
197712013500030388;1977;2196
197512013500020409;1975;2196
199804013510010271;1998;2196
196514013500010051;1965;1675
196413013900030116;1964;1675
196614013900030036;1966;1675
200109013510010275;2001;2196
201704013510040158;2017;1675
198508013500020348;1985;2196
201704013510010157;2017;1675
200807013900040317;2008;1675
200510013510010277;2005;2196
197712013500010389;1977;2196
199706013510010313;1997;1675
197411013500010334;1974;1675
196413013500010117;1964;1675
196614013500010038;1966;1675
199908013510020275;1999;2196
201904013510020361;2019;2196
198606013500030325;1986;2196
197106013500010289;1971;2196
196614013500020042;1966;2196
198606013500020327;1986;1675
196413013500020118;1964;1675
197106013500030288;1971;2196
196817013500020228;1968;2196
198106013500010393;1981;2196
198606013500040326;1986;2196
200807013510010316;2008;1675
196614013500030043;1966;2196
198206013500030379;1982;2196
197006013500020275;1970;2196
197006013500030274;1970;2196
196614013900040037;1966;1675
198508013500030345;1985;2196
196721013500010232;1967;2196
197208013500020272;1972;2196
196514013500020052;1965;2196
196614013500040044;1966;2196
196413013500040120;1964;2196
197806013500030427;1978;2196
198106013500030394;1981;2196
196514013500040054;1965;2196
197411013500040332;1974;2196
197208013500030271;1972;1621
197512013500040407;1975;2196
198508039000020350;1985;1621
197806013500010428;1978;1621
196911013500030224;1969;2196
198508013500010346;1985;2196
198206013500020380;1982;2196
197208013500040270;1972;1621
196721013500020233;1967;1621
196911013500020225;1969;1621
197512013500030408;1975;1621
196514013500030053;1965;2196
198508013500040347;1985;1621
196413013500030119;1964;1621
198206013500040381;1982;1621
